1 0.32890625 0.9734375 0.0734375 0.053125
1 0.28984375 0.84296875 0.065625 0.0484375
1 0.28515625 0.76328125 0.06875 0.0421875
1 0.253125 0.6234375 0.0703125 0.0484375
1 0.2375 0.58046875 0.05625 0.0359375
1 0.2296875 0.54609375 0.0640625 0.0375
1 0.16875 0.51953125 0.040625 0.0375
1 0.2796875 0.515625 0.065625 0.0453125
1 0.3421875 0.4421875 0.09375 0.06875
2 0.18984375 0.3640625 0.0765625 0.053125
1 0.34921875 0.325 0.1125 0.071875
1 0.1484375 0.23203125 0.065625 0.0453125
1 0.30859375 0.21953125 0.075 0.0609375
1 0.4015625 0.09140625 0.146875 0.0953125
2 0.37734375 0.14765625 0.0796875 0.04375