1 0.2 0.0265625 0.18125 0.053125
1 0.28828125 0.1296875 0.1265625 0.0953125
1 0.3140625 0.25 0.25625 0.18125
1 0.39140625 0.46640625 0.178125 0.115625
1 0.7953125 0.38828125 0.084375 0.0625
1 0.90234375 0.4953125 0.0671875 0.05
1 0.76484375 0.48671875 0.0765625 0.05
1 0.85078125 0.58515625 0.05 0.0390625
1 0.81484375 0.67265625 0.0703125 0.0515625
1 0.60703125 0.59296875 0.0734375 0.0515625
1 0.39453125 0.67109375 0.1796875 0.1390625
1 0.7375 0.821875 0.0609375 0.046875
2 0.56953125 0.87421875 0.0671875 0.05
2 0.75234375 0.73203125 0.0703125 0.0515625
2 0.55703125 0.45859375 0.084375 0.0640625