1 0.1109375 0.54375 0.103125 0.2
1 0.24921875 0.35 0.109375 0.1484375
1 0.0515625 0.28359375 0.0578125 0.090625
1 0.27109375 0.11875 0.053125 0.0890625
1 0.4375 0.334375 0.065625 0.103125
1 0.48984375 0.26015625 0.05 0.0921875
1 0.58984375 0.259375 0.046875 0.1
1 0.565625 0.44609375 0.075 0.1234375
1 0.62734375 0.65390625 0.0765625 0.134375
1 0.7515625 0.3953125 0.08125 0.109375
1 0.53515625 0.04375 0.0375 0.075
1 0.76875 0.08671875 0.04375 0.0484375
1 0.9125 0.14453125 0.0890625 0.1453125
1 0.4125 0.11484375 0.028125 0.0640625