1 0.35859375 0.1296875 0.1921875 0.1453125
1 0.13046875 0.27578125 0.21875 0.1609375
1 0.4890625 0.31328125 0.115625 0.0859375
1 0.46875 0.23828125 0.0765625 0.0625
1 0.6109375 0.27578125 0.0828125 0.0609375
1 0.60390625 0.39296875 0.1015625 0.0640625
1 0.62890625 0.35 0.053125 0.0390625
1 0.496875 0.47734375 0.13125 0.09375
1 0.6328125 0.5953125 0.1296875 0.090625
1 0.70703125 0.734375 0.1015625 0.06875
1 0.45859375 0.77578125 0.153125 0.11875
1 0.19921875 0.91796875 0.2296875 0.1640625
1 0.7015625 0.85546875 0.078125 0.0546875
1 0.63984375 0.93203125 0.0765625 0.0609375
1 0.390625 0.96484375 0.225 0.0703125
1 0.61875 0.66484375 0.0796875 0.05625
1 0.7390625 0.91328125 0.0515625 0.046875