2 0.2203125 0.82265625 0.1453125 0.09375
2 0.3546875 0.7890625 0.115625 0.084375
2 0.52578125 0.82265625 0.1484375 0.096875
2 0.2203125 0.69453125 0.14375 0.0875
2 0.509375 0.67109375 0.175 0.109375
1 0.56484375 0.57109375 0.2109375 0.1328125
2 0.31875 0.4171875 0.14375 0.0828125
2 0.68359375 0.43359375 0.1703125 0.115625
2 0.52265625 0.38203125 0.1453125 0.09375
1 0.7234375 0.15859375 0.1984375 0.11875
2 0.4609375 0.02890625 0.128125 0.0578125
2 0.2046875 0.234375 0.1140625 0.0765625
2 0.2953125 0.0640625 0.0890625 0.059375
2 0.278125 0.46640625 0.1046875 0.075