1 0.86953125 0.96640625 0.115625 0.0671875
1 0.775 0.8796875 0.1109375 0.0671875
0 0.70703125 0.8375 0.0953125 0.0546875
2 0.46875 0.90546875 0.06875 0.04375
1 0.34375 0.91484375 0.090625 0.0421875
1 0.31015625 0.971875 0.0734375 0.0359375
2 0.0390625 0.91171875 0.078125 0.0515625
1 0.0703125 0.69609375 0.0828125 0.0546875
1 0.26328125 0.73828125 0.0703125 0.05625
1 0.48984375 0.7375 0.090625 0.046875
1 0.9203125 0.634375 0.1078125 0.071875
1 0.74296875 0.4875 0.0828125 0.0640625
1 0.8234375 0.44140625 0.1046875 0.0734375
1 0.4265625 0.50234375 0.0953125 0.059375
1 0.27578125 0.51484375 0.0875 0.0640625
1 0.146875 0.5046875 0.075 0.059375
1 0.4921875 0.3609375 0.0828125 0.0484375
1 0.27265625 0.3375 0.0921875 0.0546875
1 0.27109375 0.25234375 0.0953125 0.059375
1 0.6484375 0.07265625 0.075 0.071875
1 0.35 0.1078125 0.0828125 0.0609375
1 0.20546875 0.17421875 0.0734375 0.046875
1 0.09296875 0.17578125 0.0625 0.046875