1 0.14609375 0.15 0.1171875 0.165625
1 0.19609375 0.32109375 0.1796875 0.225
1 0.4328125 0.34453125 0.090625 0.1125
1 0.49765625 0.2046875 0.08125 0.09375
1 0.5015625 0.28515625 0.08125 0.11875
1 0.58046875 0.275 0.146875 0.1828125
1 0.721875 0.30390625 0.0875 0.1125
2 0.721875 0.1625 0.0609375 0.078125
2 0.7953125 0.2578125 0.0609375 0.08125
1 0.8515625 0.34296875 0.09375 0.13125
1 0.88984375 0.52265625 0.140625 0.1734375
1 0.9296875 0.32578125 0.0703125 0.0890625
1 0.9296875 0.2015625 0.0671875 0.0828125