1 0.84296875 0.834375 0.0984375 0.065625
1 0.77890625 0.0796875 0.06875 0.0515625
1 0.81015625 0.6328125 0.0765625 0.05
1 0.7109375 0.7015625 0.0546875 0.034375
0 0.7171875 0.92890625 0.0796875 0.0515625
0 0.80234375 0.46640625 0.1015625 0.0578125
0 0.7078125 0.10859375 0.0953125 0.0609375
2 0.78203125 0.01796875 0.0734375 0.0359375
2 0.6953125 0.18828125 0.0875 0.0578125
2 0.75859375 0.22421875 0.0609375 0.0390625
2 0.7515625 0.35390625 0.0609375 0.046875
2 0.7875 0.59140625 0.0640625 0.04375
2 0.85390625 0.7109375 0.06875 0.05