1 0.6703125 0.0234375 0.1 0.046875
1 0.715625 0.1296875 0.109375 0.0859375
1 0.75 0.25 0.1125 0.090625
1 0.7359375 0.346875 0.0796875 0.0765625
1 0.7421875 0.39921875 0.1109375 0.0828125
1 0.82109375 0.63515625 0.153125 0.0921875
1 0.7890625 0.7859375 0.14375 0.1015625
1 0.54140625 0.89453125 0.1609375 0.109375
1 0.43984375 0.828125 0.128125 0.10625
1 0.4171875 0.63046875 0.13125 0.096875
1 0.503125 0.52109375 0.153125 0.096875
1 0.3765625 0.371875 0.1296875 0.1140625
1 0.4171875 0.1484375 0.140625 0.0984375