1 0.809375 0.98359375 0.121875 0.0328125
1 0.7265625 0.91015625 0.1171875 0.0796875
0 0.6640625 0.86015625 0.1 0.065625
2 0.41953125 0.89921875 0.0734375 0.0515625
1 0.29453125 0.8921875 0.0953125 0.053125
1 0.2546875 0.9453125 0.078125 0.04375
2 0.0171875 0.85234375 0.034375 0.0609375
1 0.04921875 0.6421875 0.0875 0.0640625
1 0.2359375 0.7078125 0.075 0.0640625
1 0.4609375 0.734375 0.0953125 0.0578125
1 0.90078125 0.68515625 0.115625 0.084375
1 0.74296875 0.5171875 0.0890625 0.0734375
1 0.828125 0.48125 0.1125 0.0859375
1 0.4265625 0.49375 0.1015625 0.0703125
1 0.275 0.4875 0.09375 0.0734375
1 0.1484375 0.46171875 0.08125 0.0671875
1 0.509375 0.3609375 0.0875 0.0578125
1 0.29375 0.3109375 0.096875 0.065625
1 0.303125 0.2265625 0.1015625 0.0703125
1 0.69921875 0.09375 0.0828125 0.0796875
1 0.3984375 0.0921875 0.0890625 0.0703125
1 0.24765625 0.14140625 0.0796875 0.0546875
1 0.1359375 0.128125 0.0671875 0.053125