1 0.84453125 0.1484375 0.065625 0.046875
1 0.81875 0.23515625 0.0796875 0.05625
2 0.8578125 0.29609375 0.0453125 0.0359375
2 0.89140625 0.3359375 0.0640625 0.0515625
2 0.83203125 0.425 0.0703125 0.0578125
1 0.75859375 0.5609375 0.103125 0.0734375
0 0.80625 0.60546875 0.059375 0.034375
2 0.79453125 0.66640625 0.075 0.05625
0 0.79140625 0.72890625 0.075 0.059375
1 0.77421875 0.89296875 0.1109375 0.078125
1 0.8109375 0.8265625 0.05 0.0375
1 0.75 0.78046875 0.0453125 0.0328125
2 0.92578125 0.14453125 0.0578125 0.040625