1 0.73515625 0.1078125 0.0953125 0.065625
0 0.6640625 0.2546875 0.075 0.053125
1 0.74453125 0.36484375 0.090625 0.0609375
1 0.33046875 0.35078125 0.2015625 0.1203125
1 0.534375 0.41015625 0.1375 0.0953125
1 0.74140625 0.55390625 0.0625 0.034375
1 0.55703125 0.6203125 0.1609375 0.103125
0 0.7796875 0.69765625 0.075 0.040625
1 0.67890625 0.71171875 0.078125 0.0515625
1 0.52890625 0.775 0.0984375 0.065625
1 0.69453125 0.81015625 0.0828125 0.05625
1 0.44140625 0.8875 0.175 0.13125
1 0.75234375 0.95234375 0.0625 0.0421875
1 0.753125 0.89609375 0.0703125 0.046875
1 0.43203125 0.02578125 0.1203125 0.0515625