1 0.2453125 0.1 0.321875 0.1765625
1 0.38359375 0.26328125 0.1921875 0.10625
2 0.62109375 0.29765625 0.1078125 0.0671875
1 0.4875 0.41015625 0.1484375 0.0875
2 0.64765625 0.47265625 0.11875 0.0359375
1 0.58046875 0.54453125 0.2140625 0.1109375
1 0.584375 0.640625 0.1828125 0.0875
2 0.86796875 0.66640625 0.084375 0.046875
1 0.79609375 0.85859375 0.0765625 0.0484375
1 0.828125 0.91171875 0.103125 0.05625
1 0.6921875 0.7359375 0.0859375 0.0484375
1 0.5890625 0.7796875 0.1421875 0.075
1 0.571875 0.95703125 0.1390625 0.0703125
1 0.09765625 0.759375 0.171875 0.1390625
1 0.9 0.434375 0.0578125 0.034375
2 0.86875 0.5890625 0.071875 0.03125
2 0.95859375 0.76875 0.0484375 0.034375