1 0.10234375 0.53046875 0.0859375 0.0984375
1 0.2390625 0.50625 0.0765625 0.103125
1 0.3171875 0.78984375 0.090625 0.1125
1 0.30703125 0.49765625 0.0609375 0.0796875
1 0.3765625 0.3875 0.0546875 0.075
0 0.3 0.31953125 0.0453125 0.0625
1 0.18046875 0.36875 0.046875 0.0734375
1 0.18515625 0.2890625 0.03125 0.0484375
1 0.253125 0.26171875 0.0296875 0.040625
1 0.4765625 0.46640625 0.0828125 0.1015625
1 0.5515625 0.4 0.0546875 0.078125
1 0.76875 0.51875 0.103125 0.1234375
1 0.915625 0.61875 0.0546875 0.0921875
1 0.65078125 0.384375 0.0359375 0.0703125
1 0.60703125 0.27578125 0.0453125 0.065625
1 0.51953125 0.2265625 0.0390625 0.05
1 0.365625 0.22265625 0.03125 0.0515625
1 0.13515625 0.25546875 0.0328125 0.0625
1 0.12734375 0.196875 0.0296875 0.0484375
1 0.21015625 0.1796875 0.040625 0.0578125
1 0.290625 0.1609375 0.0265625 0.0375