1 0.30078125 0.95078125 0.0875 0.0625
1 0.446875 0.9484375 0.0875 0.06875
1 0.3609375 0.840625 0.15625 0.090625
1 0.384375 0.7484375 0.0828125 0.053125
1 0.18046875 0.4828125 0.121875 0.0765625
1 0.3359375 0.16875 0.171875 0.1109375
1 0.46328125 0.08984375 0.0828125 0.05
1 0.4546875 0.29453125 0.0640625 0.0546875
1 0.4421875 0.2375 0.0578125 0.0359375
1 0.29296875 0.740625 0.0734375 0.053125
1 0.38359375 0.06640625 0.0578125 0.0390625
1 0.49296875 0.05390625 0.0640625 0.03125
1 0.253125 0.43515625 0.0921875 0.0359375