1 0.85625 0.14296875 0.1015625 0.0703125
1 0.7828125 0.21484375 0.090625 0.0578125
1 0.8515625 0.3625 0.0671875 0.040625
1 0.76796875 0.39921875 0.1140625 0.0734375
1 0.8390625 0.428125 0.0671875 0.0453125
1 0.78125 0.4578125 0.090625 0.05625
1 0.5421875 0.4546875 0.103125 0.071875
1 0.77421875 0.528125 0.0671875 0.040625
1 0.77109375 0.58046875 0.0796875 0.04375
1 0.753125 0.6109375 0.09375 0.0578125
1 0.71328125 0.6546875 0.078125 0.05
1 0.66640625 0.68671875 0.0953125 0.0625
1 0.6375 0.740625 0.10625 0.071875
1 0.73671875 0.81328125 0.0859375 0.0546875
2 0.72578125 0.85625 0.0640625 0.0484375
1 0.73515625 0.934375 0.09375 0.0578125
1 0.7 0.978125 0.1 0.04375
1 0.721875 0.88828125 0.05625 0.03125