1 0.04453125 0.50078125 0.0890625 0.1359375
1 0.10703125 0.346875 0.0515625 0.065625
1 0.14921875 0.3203125 0.0359375 0.0484375
1 0.20546875 0.28671875 0.0296875 0.034375
1 0.05703125 0.26953125 0.0265625 0.0296875
1 0.215625 0.3703125 0.0453125 0.05
1 0.265625 0.31015625 0.0359375 0.0453125
1 0.284375 0.48515625 0.14375 0.18125
1 0.321875 0.31484375 0.0296875 0.03125
1 0.4046875 0.34453125 0.0203125 0.0234375
1 0.42109375 0.371875 0.034375 0.0390625
1 0.4515625 0.44140625 0.053125 0.065625
1 0.5515625 0.45078125 0.078125 0.0984375
1 0.52578125 0.4015625 0.0296875 0.05
1 0.46796875 0.371875 0.021875 0.0265625
1 0.61015625 0.36953125 0.0328125 0.034375
1 0.7171875 0.43203125 0.0296875 0.03125
1 0.72421875 0.384375 0.021875 0.0265625
1 0.75234375 0.4859375 0.03125 0.0390625
1 0.74921875 0.40625 0.0203125 0.01875
1 0.78984375 0.4515625 0.025 0.0328125
1 0.828125 0.50625 0.0578125 0.0703125
1 0.90234375 0.475 0.03125 0.0390625
1 0.98359375 0.5515625 0.0328125 0.06875
1 0.9734375 0.475 0.0359375 0.0390625
2 0.5703125 0.36015625 0.01875 0.0234375