1 0.16953125 0.88125 0.1 0.0640625
1 0.2375 0.80390625 0.0890625 0.0515625
1 0.15859375 0.66171875 0.065625 0.0375
1 0.23984375 0.61953125 0.1125 0.0671875
1 0.1671875 0.5953125 0.065625 0.0421875
1 0.22265625 0.56171875 0.0890625 0.05
1 0.4609375 0.54765625 0.1 0.065625
1 0.225 0.49140625 0.065625 0.0375
1 0.22421875 0.43828125 0.078125 0.0390625
1 0.23984375 0.40703125 0.0921875 0.053125
1 0.2765625 0.3609375 0.0765625 0.0453125
1 0.32109375 0.325 0.0921875 0.0578125
1 0.34609375 0.26953125 0.103125 0.065625
1 0.2421875 0.20390625 0.084375 0.05
2 0.25 0.1609375 0.0625 0.04375
1 0.234375 0.08359375 0.0921875 0.053125
1 0.265625 0.02890625 0.0984375 0.053125
1 0.2515625 0.128125 0.0546875 0.028125