2 0.83984375 0.0421875 0.0734375 0.0515625
2 0.7265625 0.13203125 0.075 0.0578125
2 0.5671875 0.14921875 0.0859375 0.065625
1 0.3890625 0.14921875 0.0796875 0.0625
2 0.83984375 0.4109375 0.0734375 0.053125
1 0.68125 0.39453125 0.075 0.0609375
1 0.5921875 0.45234375 0.075 0.0578125
1 0.41640625 0.4578125 0.0859375 0.065625
1 0.96953125 0.659375 0.0609375 0.05625
1 0.8875 0.75703125 0.0703125 0.059375
2 0.76171875 0.76484375 0.059375 0.05
2 0.609375 0.6859375 0.078125 0.0578125
1 0.42890625 0.809375 0.0484375 0.05625