1 0.465625 0.2328125 0.1015625 0.1421875
1 0.565625 0.40703125 0.084375 0.121875
1 0.19609375 0.81875 0.184375 0.2453125
1 0.42265625 0.92421875 0.1515625 0.1515625
1 0.90546875 0.29765625 0.0828125 0.1171875
1 0.73046875 0.20234375 0.090625 0.1171875
1 0.80625 0.22734375 0.090625 0.1390625
1 0.5765625 0.2625 0.096875 0.140625
1 0.64375 0.06953125 0.04375 0.0796875
1 0.51796875 0.0765625 0.065625 0.09375
1 0.39921875 0.0109375 0.0453125 0.021875
1 0.2765625 0.02734375 0.0625 0.0546875
1 0.1625 0.028125 0.065625 0.05625
1 0.33046875 0.01328125 0.0453125 0.0265625
1 0.896875 0.1296875 0.059375 0.0875
2 0.33671875 0.06328125 0.05625 0.0859375