1 0.965625 0.92578125 0.06875 0.0796875
1 0.875 0.8546875 0.1375 0.0796875
0 0.7859375 0.815625 0.121875 0.0625
2 0.50390625 0.90859375 0.096875 0.05625
1 0.5140625 0.73671875 0.1140625 0.0578125
1 0.2359375 0.76015625 0.096875 0.0640625
1 0.35234375 0.92890625 0.109375 0.053125
1 0.31171875 0.98671875 0.0890625 0.0265625
1 0.8953125 0.4109375 0.1328125 0.08125
1 0.80390625 0.46171875 0.1015625 0.071875
1 0.41171875 0.50859375 0.109375 0.0671875
1 0.22109375 0.53828125 0.0984375 0.06875
1 0.06640625 0.54453125 0.078125 0.0625
1 0.20859375 0.36015625 0.1140625 0.0625
1 0.475 0.36171875 0.1046875 0.0609375
1 0.20078125 0.27265625 0.11875 0.0671875
1 0.115625 0.2046875 0.090625 0.0640625
1 0.2890625 0.1203125 0.10625 0.0734375
1 0.6484375 0.05546875 0.10625 0.071875