1 0.04453125 0.35859375 0.059375 0.0921875
1 0.13359375 0.3875 0.0640625 0.0828125
1 0.24765625 0.28046875 0.0390625 0.0609375
1 0.3140625 0.32890625 0.065625 0.1046875
1 0.31796875 0.2671875 0.0421875 0.065625
1 0.36015625 0.30078125 0.05625 0.084375
1 0.44765625 0.48359375 0.065625 0.090625
1 0.3828125 0.27265625 0.0265625 0.0578125
1 0.4296875 0.28125 0.040625 0.065625
1 0.47578125 0.2671875 0.04375 0.0734375
1 0.51015625 0.26640625 0.0578125 0.0875
1 0.5671875 0.28359375 0.05 0.071875
1 0.609375 0.3015625 0.053125 0.084375
1 0.675 0.31015625 0.06875 0.090625
1 0.6546875 0.175 0.0328125 0.05625
1 0.71015625 0.20546875 0.0484375 0.075
2 0.746875 0.19765625 0.046875 0.0671875
1 0.77734375 0.18203125 0.0296875 0.046875
1 0.81640625 0.16328125 0.053125 0.071875
1 0.87578125 0.1703125 0.0625 0.0859375