1 0.08828125 0.15234375 0.06875 0.0875
1 0.13671875 0.2 0.0421875 0.0578125
1 0.296875 0.18046875 0.0453125 0.065625
1 0.36015625 0.19453125 0.065625 0.0953125
1 0.396875 0.2125 0.0375 0.0546875
1 0.43828125 0.25859375 0.046875 0.059375
1 0.51015625 0.27109375 0.046875 0.05625
1 0.60078125 0.3296875 0.065625 0.08125
1 0.6671875 0.24296875 0.05625 0.0734375
1 0.76015625 0.28125 0.0421875 0.0578125
1 0.7984375 0.28515625 0.0546875 0.075
1 0.85625 0.39140625 0.059375 0.0765625
1 0.94140625 0.34765625 0.05625 0.084375
1 0.4703125 0.24921875 0.0265625 0.0390625