1 0.24609375 0.959375 0.0890625 0.075
1 0.22265625 0.82734375 0.1 0.0703125
1 0.21015625 0.703125 0.103125 0.075
1 0.24140625 0.61015625 0.0703125 0.065625
1 0.24375 0.55703125 0.103125 0.0671875
1 0.20703125 0.3109375 0.1453125 0.0703125
1 0.26484375 0.16796875 0.134375 0.078125
1 0.528125 0.10390625 0.15 0.0859375
1 0.61640625 0.1875 0.1171875 0.0890625
1 0.6046875 0.3859375 0.121875 0.078125
1 0.50078125 0.47890625 0.1453125 0.075
1 0.59921875 0.64765625 0.1171875 0.096875
1 0.5203125 0.86015625 0.13125 0.078125