1 0.15625 0.86015625 0.1640625 0.1140625
1 0.3265625 0.80703125 0.2234375 0.1765625
1 0.3453125 0.5703125 0.1125 0.0890625
1 0.2046875 0.5078125 0.0921875 0.0796875
1 0.28515625 0.50234375 0.11875 0.0796875
1 0.2734375 0.4234375 0.18125 0.14375
1 0.3 0.28125 0.1109375 0.0859375
2 0.15859375 0.28359375 0.078125 0.059375
2 0.25234375 0.209375 0.08125 0.059375
1 0.33671875 0.1515625 0.1296875 0.0921875
1 0.51640625 0.11015625 0.171875 0.1375
1 0.31796875 0.0734375 0.0890625 0.06875
1 0.19453125 0.075 0.0828125 0.065625