1 0.071875 0.2890625 0.046875 0.0875
1 0.15546875 0.33203125 0.053125 0.0765625
1 0.284375 0.24375 0.03125 0.0578125
1 0.34296875 0.3015625 0.0515625 0.0984375
1 0.35625 0.24140625 0.0328125 0.0625
1 0.39296875 0.28125 0.0453125 0.0796875
1 0.45078125 0.47578125 0.0546875 0.084375
1 0.4203125 0.25703125 0.01875 0.05625
1 0.46484375 0.27265625 0.03125 0.0625
1 0.5125 0.26640625 0.0328125 0.0703125
1 0.546875 0.2703125 0.046875 0.0828125
1 0.60078125 0.296875 0.040625 0.0671875
1 0.6390625 0.32109375 0.0421875 0.0796875
1 0.703125 0.33984375 0.0578125 0.084375
1 0.703125 0.203125 0.025 0.0546875
1 0.75390625 0.2421875 0.0375 0.0703125
2 0.79140625 0.23984375 0.0375 0.0625
1 0.8234375 0.2296875 0.021875 0.0453125
1 0.865625 0.2171875 0.04375 0.0671875
1 0.92265625 0.2328125 0.0515625 0.08125