1 0.07734375 0.278125 0.06875 0.1015625
1 0.28203125 0.22578125 0.071875 0.0875
1 0.35234375 0.04296875 0.0765625 0.0859375
2 0.0703125 0.4015625 0.0625 0.09375
1 0.05625 0.715625 0.0875 0.125
0 0.11328125 0.653125 0.071875 0.1171875
1 0.253125 0.44765625 0.06875 0.1015625
1 0.5484375 0.13828125 0.0734375 0.0859375
1 0.5203125 0.26640625 0.08125 0.103125
1 0.5140625 0.421875 0.0765625 0.103125
1 0.30078125 0.8953125 0.0859375 0.11875
1 0.48203125 0.746875 0.0859375 0.103125
1 0.5234375 0.8296875 0.090625 0.1203125
1 0.6609375 0.50859375 0.0671875 0.0953125
1 0.71640625 0.29296875 0.0765625 0.1
1 0.809375 0.303125 0.075 0.1078125
1 0.91640625 0.140625 0.05625 0.0796875
1 0.95625 0.40859375 0.0796875 0.09375
1 0.9390625 0.7078125 0.075 0.096875