1 0.9203125 0.7984375 0.14375 0.096875
0 0.82734375 0.7734375 0.128125 0.078125
2 0.5609375 0.90390625 0.1015625 0.06875
1 0.546875 0.7328125 0.11875 0.071875
1 0.275 0.79453125 0.103125 0.0765625
1 0.41328125 0.9453125 0.1140625 0.0671875
1 0.38359375 0.99453125 0.0921875 0.0109375
1 0.8796875 0.35703125 0.140625 0.096875
1 0.7953125 0.41953125 0.1078125 0.084375
1 0.4140625 0.5203125 0.115625 0.0796875
1 0.22890625 0.5765625 0.1046875 0.08125
1 0.0765625 0.6046875 0.0859375 0.071875
1 0.19140625 0.4015625 0.1203125 0.0765625
1 0.45546875 0.36640625 0.1109375 0.075
1 0.171875 0.31640625 0.125 0.0828125
1 0.07890625 0.2609375 0.096875 0.075
1 0.23828125 0.153125 0.1140625 0.0875
1 0.584375 0.040625 0.1125 0.08125