1 0.23359375 0.9375 0.1 0.05625
1 0.21875 0.8734375 0.1 0.065625
1 0.13203125 0.7 0.0953125 0.0515625
1 0.3234375 0.75078125 0.1078125 0.053125
1 0.28671875 0.6703125 0.103125 0.05625
1 0.30234375 0.590625 0.1078125 0.065625
1 0.228125 0.53515625 0.0953125 0.0640625
1 0.284375 0.47421875 0.103125 0.0640625
1 0.2546875 0.4125 0.1078125 0.0671875
1 0.29140625 0.29296875 0.090625 0.05625
1 0.303125 0.23984375 0.1078125 0.05
1 0.2734375 0.14609375 0.1171875 0.0734375
1 0.26796875 0.040625 0.1078125 0.0671875
1 0.18671875 0.63671875 0.090625 0.059375
1 0.4140625 0.009375 0.08125 0.01875