1 0.8890625 0.2203125 0.075 0.1046875
1 0.134375 0.15234375 0.059375 0.0734375
1 0.68515625 0.2171875 0.05625 0.08125
1 0.73515625 0.32734375 0.040625 0.0578125
0 0.96015625 0.36015625 0.0578125 0.084375
0 0.51953125 0.196875 0.06875 0.10625
0 0.15078125 0.22734375 0.0703125 0.1015625
2 0.06875 0.13671875 0.0546875 0.078125
2 0.22734375 0.253125 0.065625 0.0921875
2 0.2734375 0.19765625 0.0453125 0.0640625
2 0.39921875 0.22734375 0.053125 0.065625
2 0.63984375 0.2328125 0.05 0.0671875
2 0.76953125 0.18828125 0.05625 0.0734375