1 0.0671875 0.884375 0.134375 0.090625
1 0.10234375 0.7703125 0.1484375 0.103125
1 0.365625 0.79375 0.1625 0.109375
1 0.68828125 0.93046875 0.1484375 0.0984375
1 0.43203125 0.6765625 0.175 0.109375
1 0.775 0.75 0.13125 0.0953125
1 0.6140625 0.5015625 0.1890625 0.1140625
1 0.9 0.53359375 0.175 0.1046875
1 0.58125 0.41328125 0.1578125 0.1
1 0.80859375 0.3125 0.175 0.103125
1 0.37421875 0.13046875 0.1671875 0.103125
1 0.25625 0.0125 0.128125 0.025
1 0.49453125 0.03671875 0.1578125 0.0734375
1 0.67265625 0.1875 0.1703125 0.1015625
1 0.77578125 0.09453125 0.1765625 0.1171875
1 0.94140625 0.2546875 0.1171875 0.109375