1 0.1390625 0.0421875 0.171875 0.084375
1 0.24453125 0.15859375 0.1203125 0.0828125
1 0.28515625 0.27421875 0.2453125 0.15625
1 0.38828125 0.4796875 0.171875 0.096875
1 0.7796875 0.353125 0.0796875 0.0546875
1 0.8984375 0.446875 0.0640625 0.04375
1 0.76171875 0.45390625 0.0734375 0.0421875
1 0.85859375 0.54140625 0.046875 0.034375
1 0.83359375 0.6328125 0.0671875 0.0453125
1 0.61796875 0.57890625 0.0703125 0.0453125
1 0.41640625 0.6828125 0.1703125 0.121875
1 0.775 0.790625 0.0578125 0.040625
2 0.61484375 0.8625 0.0640625 0.04375
2 0.77890625 0.69921875 0.0671875 0.0453125
2 0.5515625 0.45234375 0.0796875 0.05625