1 0.23671875 0.940625 0.0296875 0.0234375
1 0.2859375 0.84375 0.0359375 0.0265625
1 0.3390625 0.940625 0.0734375 0.0515625
1 0.440625 0.90234375 0.0703125 0.0453125
1 0.3703125 0.7703125 0.10625 0.075
1 0.30703125 0.73125 0.05625 0.034375
1 0.2859375 0.69609375 0.04375 0.0296875
1 0.3171875 0.63671875 0.028125 0.01875
1 0.34609375 0.66953125 0.0390625 0.025
1 0.428125 0.6671875 0.078125 0.05
1 0.40234375 0.628125 0.05625 0.0328125
1 0.42578125 0.5859375 0.1078125 0.0796875
1 0.6109375 0.5765625 0.146875 0.096875
0 0.36953125 0.52578125 0.025 0.0171875
1 0.49296875 0.4 0.0703125 0.040625
1 0.4421875 0.3390625 0.046875 0.0296875
1 0.54296875 0.3171875 0.078125 0.05
1 0.7265625 0.1984375 0.3359375 0.228125
1 0.8390625 0.13125 0.1390625 0.0890625