1 0.43046875 0.8984375 0.034375 0.025
1 0.51640625 0.96875 0.0703125 0.046875
1 0.59609375 0.8953125 0.06875 0.0390625
1 0.48125 0.79921875 0.103125 0.065625
1 0.4078125 0.78671875 0.05625 0.0296875
1 0.375 0.7625 0.04375 0.025
1 0.38125 0.6953125 0.028125 0.015625
1 0.4203125 0.71484375 0.0375 0.021875
1 0.49609375 0.68203125 0.0765625 0.04375
1 0.45703125 0.65546875 0.0546875 0.028125
1 0.4640625 0.6078125 0.1046875 0.0703125
1 0.63203125 0.5296875 0.1421875 0.084375
0 0.3890625 0.57265625 0.0234375 0.015625
1 0.45546875 0.41015625 0.06875 0.034375
1 0.3859375 0.37265625 0.046875 0.0265625
1 0.471875 0.31484375 0.0765625 0.04375
1 0.596875 0.13515625 0.325 0.2
1 0.6765625 0.034375 0.134375 0.06875