1 0.23203125 0.86953125 0.0828125 0.059375
1 0.2125 0.80078125 0.065625 0.0484375
1 0.1921875 0.74375 0.053125 0.0390625
1 0.2796875 0.6921875 0.0796875 0.0609375
1 0.3 0.540625 0.0796875 0.0609375
1 0.25234375 0.440625 0.1453125 0.1078125
1 0.26484375 0.34375 0.0921875 0.059375
1 0.36640625 0.271875 0.05 0.0390625
1 0.33671875 0.1984375 0.0828125 0.05625
1 0.40703125 0.1203125 0.065625 0.0453125
1 0.396875 0.03046875 0.06875 0.046875
1 0.39296875 0.00546875 0.0515625 0.0109375
1 0.19609375 0.66171875 0.0421875 0.0359375