2 0.96640625 0.7859375 0.0671875 0.05625
2 0.76015625 0.93125 0.071875 0.053125
2 0.7453125 0.81015625 0.071875 0.05
2 0.65703125 0.9359375 0.0625 0.0453125
2 0.59375 0.82421875 0.071875 0.0546875
2 0.5203125 0.9484375 0.0671875 0.0484375
2 0.50234375 0.84375 0.046875 0.0421875
2 0.44296875 0.81484375 0.0546875 0.0421875
2 0.37421875 0.96875 0.0578125 0.0421875
2 0.32109375 0.94609375 0.0421875 0.034375
2 0.3171875 0.83125 0.0625 0.0453125
2 0.19453125 0.94921875 0.0546875 0.0390625
2 0.19296875 0.85703125 0.0625 0.0453125
2 0.1234375 0.8515625 0.0484375 0.040625
2 0.15 0.6765625 0.04375 0.025
1 0.1203125 0.60390625 0.046875 0.028125
1 0.0984375 0.56171875 0.04375 0.0296875
2 0.15625 0.615625 0.0484375 0.0375
2 0.21171875 0.60078125 0.0484375 0.0359375
1 0.31328125 0.6015625 0.0453125 0.0359375
2 0.35703125 0.55546875 0.046875 0.028125
2 0.4109375 0.56640625 0.053125 0.03125
2 0.49609375 0.546875 0.0578125 0.0390625
2 0.59140625 0.55234375 0.0625 0.046875
2 0.659375 0.503125 0.0484375 0.040625
2 0.83515625 0.46015625 0.046875 0.0421875
2 0.92265625 0.4265625 0.075 0.0546875
2 0.9125 0.46015625 0.0453125 0.0234375
1 0.4375 0.490625 0.0546875 0.0421875
2 0.47421875 0.4515625 0.065625 0.0453125
2 0.38046875 0.46171875 0.059375 0.04375
2 0.3796875 0.48984375 0.053125 0.034375
2 0.20703125 0.5328125 0.040625 0.0234375
2 0.225 0.50703125 0.0546875 0.0390625
2 0.1 0.496875 0.0484375 0.0328125
2 0.2375 0.46171875 0.0546875 0.0390625
2 0.21796875 0.4171875 0.0421875 0.03125
2 0.3234375 0.39609375 0.0546875 0.0421875
2 0.5 0.3828125 0.0453125 0.0375
2 0.6546875 0.4078125 0.0609375 0.0390625
2 0.69609375 0.3625 0.0625 0.04375
2 0.6828125 0.3203125 0.0609375 0.0421875
2 0.51796875 0.34609375 0.0625 0.04375
2 0.9046875 0.28125 0.0609375 0.040625
2 0.13515625 0.45234375 0.0453125 0.0359375
2 0.1 0.41875 0.04375 0.025
2 0.04921875 0.4390625 0.0359375 0.028125
2 0.0625 0.3671875 0.040625 0.028125
2 0.1 0.38671875 0.0328125 0.0296875
2 0.13828125 0.34921875 0.0421875 0.0359375
2 0.23828125 0.3421875 0.046875 0.0421875
2 0.21171875 0.32265625 0.0453125 0.0203125
2 0.3359375 0.3296875 0.046875 0.040625
2 0.3765625 0.290625 0.0578125 0.0421875
2 0.3796875 0.26484375 0.046875 0.025
2 0.48203125 0.2578125 0.0578125 0.0421875
2 0.61953125 0.2390625 0.05 0.0453125
2 0.74609375 0.1796875 0.059375 0.04375
2 0.8125 0.15 0.0359375 0.028125
2 0.9 0.11640625 0.059375 0.04375
2 0.0578125 0.32265625 0.03125 0.021875