1 0.01875 0.22109375 0.0375 0.1453125
1 0.11015625 0.21875 0.1078125 0.15
1 0.178125 0.47421875 0.1140625 0.1640625
1 0.159375 0.82421875 0.103125 0.15
1 0.3109375 0.49609375 0.1140625 0.1765625
1 0.359375 0.84375 0.1 0.1328125
1 0.5375 0.6078125 0.1203125 0.1921875
1 0.60546875 0.88671875 0.109375 0.1765625
1 0.609375 0.54609375 0.1046875 0.159375
1 0.78203125 0.72578125 0.1078125 0.1765625
1 0.80390625 0.25546875 0.1078125 0.16875
1 0.89921875 0.09609375 0.0796875 0.1296875
1 0.94140625 0.334375 0.09375 0.159375
1 0.853125 0.55546875 0.1078125 0.171875
1 0.95703125 0.6203125 0.0859375 0.178125
1 0.88828125 0.85234375 0.1140625 0.1640625