1 0.79140625 0.62421875 0.21875 0.134375
1 0.1296875 0.51015625 0.096875 0.0515625
2 0.09921875 0.30703125 0.1078125 0.0734375
1 0.3625 0.3828125 0.1109375 0.0640625
2 0.08671875 0.76328125 0.0359375 0.0203125
2 0.09453125 0.71015625 0.0359375 0.0203125
2 0.05703125 0.62421875 0.0328125 0.0234375
1 0.15234375 0.21875 0.04375 0.0328125
1 0.0453125 0.365625 0.0453125 0.0265625
2 0.0375 0.459375 0.0453125 0.021875
2 0.00859375 0.434375 0.0171875 0.015625
1 0.128125 0.66875 0.05 0.0265625
1 0.19453125 0.6640625 0.1046875 0.0484375