1 0.2875 0.98984375 0.06875 0.0203125
1 0.1421875 0.9 0.1328125 0.0703125
1 0.34453125 0.75625 0.0734375 0.028125
0 0.33671875 0.64375 0.059375 0.0328125
1 0.1578125 0.62421875 0.096875 0.040625
1 0.165625 0.5140625 0.0859375 0.0328125
1 0.22890625 0.51953125 0.0671875 0.034375
1 0.21328125 0.36953125 0.075 0.040625
1 0.21796875 0.3203125 0.075 0.0390625
1 0.2734375 0.25 0.0453125 0.0203125
1 0.2171875 0.20703125 0.075 0.04375
1 0.23671875 0.13203125 0.065625 0.034375
1 0.2359375 0.096875 0.0671875 0.03125