1 0.3734375 0.96171875 0.0859375 0.059375
1 0.353125 0.88828125 0.08125 0.0609375
1 0.378125 0.7875 0.08125 0.0625
1 0.37578125 0.68984375 0.0703125 0.05625
1 0.41015625 0.634375 0.0890625 0.0640625
1 0.4609375 0.5078125 0.084375 0.0625
1 0.428125 0.478125 0.090625 0.0484375
1 0.465625 0.37578125 0.053125 0.0359375
1 0.37890625 0.27265625 0.103125 0.075
1 0.44609375 0.1046875 0.1015625 0.0796875
1 0.49921875 0.0046875 0.0734375 0.009375
1 0.4796875 0.05546875 0.0875 0.0640625
2 0.47890625 0.353125 0.078125 0.05
2 0.46796875 0.590625 0.0828125 0.059375
2 0.41015625 0.7265625 0.090625 0.065625