2 0.925 0.8484375 0.0671875 0.0484375
2 0.69765625 0.96328125 0.0671875 0.04375
2 0.69921875 0.84140625 0.0671875 0.040625
2 0.5953125 0.953125 0.0578125 0.0390625
2 0.54765625 0.83359375 0.0671875 0.0453125
2 0.4578125 0.946875 0.0625 0.040625
2 0.4546875 0.840625 0.0421875 0.0359375
2 0.39921875 0.80390625 0.0515625 0.0359375
2 0.3109375 0.94609375 0.0546875 0.0359375
2 0.2609375 0.9171875 0.0390625 0.0296875
2 0.27265625 0.80234375 0.0578125 0.0390625
2 0.134375 0.90234375 0.0515625 0.0328125
2 0.14609375 0.8109375 0.0578125 0.0390625
2 0.078125 0.79609375 0.0453125 0.034375
2 0.12890625 0.62578125 0.0421875 0.01875
1 0.11015625 0.55 0.0453125 0.021875
1 0.09375 0.5046875 0.0421875 0.0234375
2 0.14375 0.56640625 0.0453125 0.03125
2 0.2 0.559375 0.0453125 0.0296875
1 0.3015625 0.57421875 0.0421875 0.0296875
2 0.35078125 0.53515625 0.0453125 0.021875
2 0.40234375 0.55390625 0.0515625 0.025
2 0.48984375 0.54609375 0.0546875 0.0328125
2 0.5828125 0.56484375 0.0578125 0.040625
2 0.65703125 0.52578125 0.0453125 0.034375
2 0.8375 0.50703125 0.0421875 0.0359375
2 0.92890625 0.4859375 0.0703125 0.0453125
2 0.9140625 0.51796875 0.04375 0.0171875
1 0.43984375 0.48203125 0.0515625 0.0359375
2 0.48125 0.4484375 0.0625 0.0375
2 0.38671875 0.4453125 0.0546875 0.0375
2 0.38203125 0.4734375 0.0515625 0.028125
2 0.20546875 0.4921875 0.0390625 0.01875
2 0.2265625 0.46875 0.0515625 0.0328125
2 0.10390625 0.440625 0.0453125 0.0265625
2 0.2453125 0.42578125 0.0515625 0.0328125
2 0.23203125 0.37890625 0.0390625 0.0265625
2 0.33984375 0.371875 0.0515625 0.0359375
2 0.51640625 0.384375 0.0421875 0.03125
2 0.66640625 0.43046875 0.0578125 0.03125
2 0.71328125 0.39140625 0.0578125 0.0375
2 0.70625 0.34765625 0.0578125 0.0359375
2 0.5390625 0.35 0.0578125 0.0375
2 0.93125 0.33984375 0.0578125 0.0328125
2 0.1453125 0.40234375 0.0421875 0.0296875
2 0.11484375 0.3640625 0.0421875 0.01875
2 0.0625 0.3765625 0.034375 0.0234375
2 0.08515625 0.30703125 0.0390625 0.0234375
2 0.11953125 0.33203125 0.0296875 0.0265625
2 0.1625 0.3 0.0390625 0.03125
2 0.26328125 0.3078125 0.0421875 0.0359375
2 0.2390625 0.284375 0.04375 0.0140625
2 0.3609375 0.30859375 0.0421875 0.034375
2 0.40703125 0.27578125 0.0546875 0.0359375
2 0.41328125 0.25 0.0453125 0.01875
2 0.51640625 0.25703125 0.0546875 0.0359375
2 0.6546875 0.2578125 0.0453125 0.0390625
2 0.78828125 0.2171875 0.0546875 0.0375
2 0.8578125 0.196875 0.034375 0.0234375
2 0.94921875 0.17578125 0.0546875 0.0375
2 0.08671875 0.2625 0.0296875 0.01875