1 0.74375 0.05703125 0.0703125 0.05
1 0.76171875 0.19375 0.0625 0.0421875
1 0.753125 0.2734375 0.0671875 0.0359375
1 0.76328125 0.4171875 0.0671875 0.0421875
1 0.771875 0.46171875 0.0546875 0.03125
1 0.77421875 0.496875 0.0625 0.03125
1 0.83046875 0.5328125 0.0390625 0.034375
1 0.71953125 0.51875 0.0625 0.0390625
1 0.64609375 0.58203125 0.0890625 0.0609375
2 0.78515625 0.6828125 0.0734375 0.0484375
1 0.62109375 0.696875 0.1078125 0.0625
1 0.80546875 0.81953125 0.0625 0.0390625
1 0.64453125 0.80703125 0.0703125 0.05625
1 0.5328125 0.91875 0.140625 0.084375
2 0.56640625 0.8671875 0.078125 0.0375