1 0.340625 0.98203125 0.0875 0.0359375
1 0.31015625 0.90703125 0.0921875 0.05625
1 0.63828125 0.73125 0.065625 0.0390625
1 0.453125 0.70078125 0.0828125 0.04375
1 0.37421875 0.6640625 0.065625 0.0390625
1 0.41484375 0.59140625 0.06875 0.0484375
1 0.4078125 0.54375 0.05625 0.0375
1 0.3703125 0.4421875 0.06875 0.0390625
1 0.37734375 0.375 0.06875 0.040625
1 0.31015625 0.2953125 0.065625 0.0390625
2 0.3609375 0.79453125 0.078125 0.04375
2 0.36640625 0.7015625 0.0515625 0.0328125
2 0.384375 0.48046875 0.0734375 0.0359375
2 0.3765625 0.61875 0.06875 0.040625