1 0.09921875 0.48046875 0.1234375 0.19375
1 0.1421875 0.16328125 0.1015625 0.1578125
1 0.24609375 0.05859375 0.0953125 0.1171875
1 0.23125 0.440625 0.1078125 0.1796875
1 0.2 0.32421875 0.0875 0.1453125
1 0.3140625 0.54765625 0.109375 0.2078125
1 0.16796875 0.8609375 0.1234375 0.1421875
1 0.3265625 0.86640625 0.15625 0.215625
1 0.459375 0.34375 0.1125 0.1875
1 0.41328125 0.2109375 0.0984375 0.15625
1 0.575 0.39453125 0.0953125 0.15625
1 0.503125 0.79453125 0.121875 0.175
1 0.60234375 0.615625 0.10625 0.1890625
1 0.64609375 0.3578125 0.10625 0.1765625
1 0.75390625 0.18125 0.0875 0.1453125
2 0.640625 0.115625 0.0703125 0.10625
1 0.77890625 0.4890625 0.09375 0.1546875
1 0.75078125 0.753125 0.140625 0.2203125
1 0.80703125 0.73828125 0.096875 0.165625
1 0.95078125 0.578125 0.0984375 0.196875
1 0.96953125 0.32109375 0.0609375 0.1609375
1 0.87265625 0.45625 0.1015625 0.153125
1 0.85625 0.94453125 0.1 0.1109375