1 0.85 0.15390625 0.065625 0.0484375
1 0.8234375 0.240625 0.0796875 0.05625
2 0.86171875 0.30234375 0.046875 0.0375
2 0.89453125 0.34296875 0.0640625 0.053125
2 0.83359375 0.43125 0.071875 0.059375
1 0.75703125 0.565625 0.103125 0.075
0 0.80390625 0.61015625 0.059375 0.034375
2 0.79140625 0.671875 0.075 0.0578125
0 0.78671875 0.734375 0.0765625 0.0609375
1 0.7671875 0.89765625 0.1109375 0.0796875
1 0.80546875 0.83203125 0.05 0.0375
1 0.7453125 0.78515625 0.0453125 0.034375
2 0.93203125 0.15234375 0.059375 0.0421875