1 0.48515625 0.1890625 0.1609375 0.109375
2 0.3671875 0.41796875 0.315625 0.203125
1 0.565625 0.0640625 0.1296875 0.084375
0 0.74140625 0.1 0.109375 0.0671875
2 0.60546875 0.18828125 0.096875 0.0734375
1 0.68828125 0.23203125 0.0890625 0.0703125
1 0.721875 0.2921875 0.0953125 0.0765625
1 0.69453125 0.378125 0.0890625 0.0671875
1 0.6359375 0.4390625 0.1171875 0.0796875
1 0.6421875 0.51484375 0.096875 0.084375
2 0.81484375 0.3890625 0.078125 0.05
1 0.8671875 0.290625 0.04375 0.0296875
1 0.9015625 0.37109375 0.0484375 0.034375
1 0.58359375 0.65859375 0.171875 0.125
1 0.70703125 0.07109375 0.090625 0.05625
1 0.76015625 0.1984375 0.0734375 0.059375
1 0.95 0.4734375 0.034375 0.021875
1 0.178125 0.878125 0.196875 0.1078125
1 0.53984375 0.8390625 0.1875 0.1234375
1 0.78203125 0.7671875 0.1140625 0.0890625
1 0.646875 0.790625 0.1 0.0578125
1 0.84921875 0.703125 0.1078125 0.0640625
1 0.90390625 0.78515625 0.071875 0.046875