1 0.3484375 0.96796875 0.090625 0.0640625
1 0.49375 0.9515625 0.090625 0.071875
1 0.396875 0.853125 0.159375 0.096875
1 0.4109375 0.759375 0.084375 0.05625
1 0.1796875 0.51640625 0.1234375 0.0796875
1 0.30234375 0.18828125 0.175 0.115625
1 0.42109375 0.09609375 0.084375 0.053125
1 0.43359375 0.3 0.065625 0.0578125
1 0.41484375 0.2453125 0.0578125 0.0375
1 0.31953125 0.7609375 0.075 0.0546875
1 0.3390625 0.08125 0.059375 0.040625
1 0.44609375 0.05703125 0.0640625 0.034375
1 0.24765625 0.4609375 0.0921875 0.0390625