1 0.0859375 0.3078125 0.046875 0.075
1 0.15 0.275 0.0390625 0.059375
1 0.20234375 0.24375 0.03125 0.0484375
1 0.26953125 0.3203125 0.0484375 0.0734375
1 0.421875 0.3109375 0.0484375 0.0734375
1 0.5109375 0.2453125 0.084375 0.1328125
1 0.60859375 0.2390625 0.04375 0.0859375
1 0.6984375 0.325 0.03125 0.0453125
1 0.76484375 0.28203125 0.04375 0.075
1 0.85546875 0.3359375 0.0359375 0.059375
1 0.940625 0.309375 0.0359375 0.0625
1 0.97421875 0.29921875 0.021875 0.0484375
1 0.28359375 0.23203125 0.028125 0.0375