1 0.10390625 0.49296875 0.140625 0.1890625
1 0.15390625 0.75859375 0.1546875 0.2171875
1 0.32265625 0.43984375 0.0828125 0.1140625
1 0.2453125 0.43046875 0.0609375 0.075
1 0.33359375 0.3125 0.059375 0.08125
1 0.43984375 0.3640625 0.0609375 0.1
1 0.40859375 0.32421875 0.0375 0.053125
1 0.478125 0.49453125 0.090625 0.1296875
1 0.63828125 0.4125 0.0875 0.128125
1 0.7953125 0.39609375 0.065625 0.1015625
1 0.73984375 0.64140625 0.1140625 0.1515625
1 0.78671875 0.91328125 0.1796875 0.1734375
1 0.90546875 0.44609375 0.053125 0.078125
1 0.953125 0.53203125 0.0578125 0.075
1 0.915625 0.7859375 0.11875 0.2234375
1 0.69765625 0.4515625 0.0546875 0.078125
1 0.97265625 0.43359375 0.0453125 0.0515625