2 0.778125 0.01640625 0.059375 0.0328125
2 0.80703125 0.0609375 0.071875 0.0484375
2 0.8171875 0.1234375 0.053125 0.034375
2 0.76015625 0.12890625 0.0734375 0.0234375
2 0.60234375 0.059375 0.059375 0.034375
1 0.48125 0.09140625 0.0984375 0.059375
0 0.371875 0.14765625 0.1046875 0.0609375
2 0.0453125 0.28984375 0.090625 0.0859375
2 0.95078125 0.275 0.05 0.03125
2 0.834375 0.2890625 0.0703125 0.0421875
2 0.79453125 0.340625 0.0734375 0.034375
2 0.78125 0.375 0.0734375 0.03125
2 0.61953125 0.25859375 0.065625 0.04375
1 0.46171875 0.33203125 0.0921875 0.0484375
1 0.46875 0.41484375 0.0875 0.04375
2 0.7953125 0.490625 0.05625 0.034375
2 0.79375 0.52578125 0.059375 0.0296875
1 0.74296875 0.58125 0.096875 0.03125
2 0.875 0.66640625 0.090625 0.046875
2 0.84609375 0.7484375 0.0625 0.0375
1 0.85234375 0.87734375 0.0921875 0.0546875
1 0.69609375 0.8671875 0.1140625 0.0515625
2 0.94609375 0.27734375 0.040625 0.034375