1 0.66796875 0.93359375 0.1171875 0.090625
1 0.5015625 0.9234375 0.0609375 0.0453125
1 0.4609375 0.89609375 0.04375 0.028125
1 0.48203125 0.8125 0.0484375 0.0421875
1 0.41015625 0.7875 0.046875 0.0328125
1 0.4078125 0.85078125 0.0328125 0.025
1 0.56640625 0.70625 0.18125 0.13125
1 0.40703125 0.61640625 0.0328125 0.0265625
1 0.3921875 0.73515625 0.0296875 0.025
1 0.4640625 0.565625 0.059375 0.046875
1 0.43671875 0.46875 0.096875 0.071875
1 0.39453125 0.52890625 0.03125 0.0203125
1 0.39453125 0.5734375 0.0234375 0.0203125
1 0.340625 0.44375 0.0375 0.03125
1 0.36015625 0.321875 0.03125 0.0296875
1 0.40078125 0.2671875 0.0375 0.028125
1 0.39140625 0.190625 0.0734375 0.0578125
1 0.33359375 0.13359375 0.0375 0.0265625
1 0.38046875 0.02578125 0.065625 0.03125
1 0.3421875 0.36484375 0.0171875 0.0125
1 0.3109375 0.33046875 0.0234375 0.01875
1 0.32421875 0.2984375 0.0171875 0.015625
1 0.35390625 0.246875 0.0375 0.0265625
1 0.31171875 0.065625 0.0375 0.0265625
1 0.28828125 0.046875 0.021875 0.0125