1 0.759375 0.065625 0.071875 0.0515625
1 0.771875 0.203125 0.0640625 0.0453125
1 0.7609375 0.2828125 0.0671875 0.0390625
1 0.765625 0.4265625 0.06875 0.0453125
1 0.77265625 0.47109375 0.0546875 0.0328125
1 0.77421875 0.50703125 0.0625 0.034375
1 0.82890625 0.54453125 0.0390625 0.0359375
1 0.71875 0.5265625 0.0640625 0.0421875
1 0.64375 0.58671875 0.090625 0.0640625
2 0.77890625 0.6921875 0.075 0.05
1 0.6140625 0.70078125 0.109375 0.0671875
1 0.79375 0.8296875 0.0640625 0.0421875
1 0.634375 0.81171875 0.071875 0.0578125
1 0.51875 0.91953125 0.1421875 0.0890625
2 0.553125 0.86953125 0.078125 0.0390625