1 0.41015625 0.9875 0.0890625 0.025
1 0.36875 0.9296875 0.0984375 0.0671875
1 0.66953125 0.709375 0.06875 0.046875
1 0.48203125 0.70546875 0.0859375 0.0546875
1 0.39765625 0.6796875 0.06875 0.046875
1 0.428125 0.60234375 0.0734375 0.05625
1 0.41484375 0.55625 0.059375 0.04375
1 0.36328125 0.4609375 0.071875 0.046875
1 0.36171875 0.39296875 0.071875 0.0484375
1 0.28359375 0.3234375 0.06875 0.046875
2 0.403125 0.8109375 0.08125 0.053125
2 0.3953125 0.71796875 0.0546875 0.0390625
2 0.3828125 0.496875 0.0765625 0.0453125
2 0.39375 0.63515625 0.071875 0.0484375