1 0.29609375 0.7421875 0.15 0.225
1 0.59921875 0.14296875 0.059375 0.1
2 0.8015625 0.1734375 0.08125 0.1109375
1 0.65234375 0.403125 0.071875 0.1140625
2 0.36875 0.028125 0.0234375 0.0375
2 0.41796875 0.05078125 0.0234375 0.0375
2 0.5109375 0.03984375 0.0265625 0.034375
1 0.87109375 0.25 0.0359375 0.0453125
1 0.76171875 0.1046875 0.0296875 0.046875
2 0.67421875 0.06953125 0.025 0.046875
2 0.70703125 0.04453125 0.0171875 0.028125
1 0.44765625 0.0953125 0.03125 0.0515625
1 0.4328125 0.159375 0.05625 0.10625