1 0.52421875 0.5890625 0.1296875 0.1703125
1 0.0515625 0.346875 0.0265625 0.0375
1 0.1390625 0.4 0.0140625 0.0359375
1 0.25 0.4140625 0.021875 0.0328125
1 0.284375 0.41015625 0.0265625 0.0328125
1 0.3828125 0.45 0.0234375 0.040625
2 0.3609375 0.41484375 0.0296875 0.040625
1 0.44296875 0.4359375 0.025 0.040625
1 0.5015625 0.45390625 0.028125 0.04375
1 0.65625 0.496875 0.0234375 0.040625
1 0.7015625 0.490625 0.015625 0.03125
1 0.7359375 0.525 0.01875 0.03125
1 0.89765625 0.4140625 0.021875 0.025
1 0.9375 0.546875 0.0140625 0.028125
2 0.8875 0.5328125 0.0234375 0.0375
1 0.90234375 0.478125 0.021875 0.0296875