1 0.328125 0.96796875 0.103125 0.0640625
1 0.3640625 0.878125 0.0921875 0.0609375
1 0.23984375 0.7734375 0.0671875 0.04375
1 0.3 0.7046875 0.115625 0.078125
1 0.2234375 0.70859375 0.06875 0.0484375
1 0.26328125 0.65703125 0.0921875 0.059375
1 0.48046875 0.55859375 0.1046875 0.075
1 0.23984375 0.590625 0.0671875 0.04375
1 0.2203125 0.54140625 0.0796875 0.046875
1 0.2234375 0.50625 0.0953125 0.0625
1 0.24140625 0.45 0.078125 0.053125
1 0.2703125 0.40078125 0.096875 0.0671875
1 0.2734375 0.33984375 0.1078125 0.0765625
1 0.153125 0.315625 0.0875 0.059375
2 0.14453125 0.27265625 0.065625 0.05
1 0.103125 0.20625 0.0953125 0.0625
1 0.1125 0.14375 0.1015625 0.0640625
1 0.134375 0.24140625 0.05625 0.034375