1 0.7 0.034375 0.1125 0.06875
2 0.55546875 0.07734375 0.103125 0.071875
1 0.06875 0.1296875 0.1375 0.10625
1 0.83671875 0.18359375 0.0953125 0.075
1 0.56796875 0.25390625 0.125 0.08125
0 0.284375 0.2046875 0.14375 0.084375
1 0.18671875 0.18125 0.15 0.0984375
1 0.07265625 0.46484375 0.1453125 0.09375
1 0.88359375 0.40390625 0.1140625 0.0875
1 0.7 0.45625 0.121875 0.084375
1 0.31484375 0.55625 0.10625 0.0765625
1 0.23125 0.62578125 0.140625 0.1
1 0.921875 0.57421875 0.1078125 0.0796875
1 0.65078125 0.6109375 0.1203125 0.0765625
1 0.9359375 0.65859375 0.128125 0.0953125
1 0.87734375 0.82265625 0.1140625 0.0875
1 0.52421875 0.934375 0.1234375 0.096875