1 0.5734375 0.44453125 0.16875 0.125
1 0.5265625 0.97265625 0.0375 0.0265625
1 0.5421875 0.871875 0.0359375 0.0140625
1 0.5140625 0.7640625 0.03125 0.0203125
1 0.49765625 0.73359375 0.0328125 0.025
1 0.49765625 0.62734375 0.0390625 0.021875
2 0.47265625 0.6609375 0.040625 0.028125
1 0.46171875 0.5765625 0.040625 0.0234375
1 0.45703125 0.515625 0.04375 0.0265625
1 0.43828125 0.35625 0.0390625 0.021875
1 0.41640625 0.31640625 0.03125 0.0140625
1 0.43515625 0.271875 0.03125 0.0171875
1 0.271875 0.16328125 0.025 0.0203125
1 0.3796875 0.07734375 0.028125 0.0140625
2 0.38515625 0.128125 0.0375 0.0234375
1 0.3296875 0.13515625 0.0296875 0.021875