1 0.78046875 0.13984375 0.084375 0.0625
1 0.79765625 0.209375 0.0671875 0.05
1 0.81640625 0.2671875 0.0546875 0.040625
1 0.72734375 0.315625 0.08125 0.0625
1 0.7015625 0.46640625 0.08125 0.0625
1 0.7453125 0.56796875 0.146875 0.1125
1 0.7296875 0.6640625 0.09375 0.0625
1 0.62578125 0.7328125 0.0515625 0.0390625
1 0.653125 0.80703125 0.0828125 0.059375
1 0.5796875 0.8828125 0.065625 0.05
1 0.58671875 0.97265625 0.06875 0.05
1 0.58828125 0.9953125 0.0515625 0.009375
1 0.809375 0.34921875 0.04375 0.0359375