1 0.0453125 0.49140625 0.021875 0.046875
1 0.13359375 0.55234375 0.0359375 0.06875
1 0.18203125 0.53046875 0.059375 0.1203125
1 0.22890625 0.5046875 0.034375 0.06875
1 0.3234375 0.678125 0.0609375 0.1078125
1 0.04453125 0.425 0.0125 0.021875
1 0.090625 0.421875 0.015625 0.028125
1 0.11484375 0.43125 0.021875 0.0375
1 0.1375 0.428125 0.0171875 0.03125
1 0.29453125 0.43515625 0.0265625 0.05
1 0.31796875 0.45234375 0.0171875 0.03125
1 0.33359375 0.5125 0.028125 0.040625
1 0.35625 0.41015625 0.015625 0.03125
1 0.440625 0.4734375 0.028125 0.040625
1 0.42265625 0.64453125 0.03125 0.05
1 0.49453125 0.46328125 0.021875 0.059375
1 0.5359375 0.496875 0.034375 0.065625
1 0.52578125 0.61875 0.04375 0.134375
1 0.46171875 0.37421875 0.0171875 0.0375
1 0.41875 0.3796875 0.021875 0.0375
1 0.64140625 0.5 0.04375 0.065625
1 0.575 0.43125 0.021875 0.0375
1 0.675 0.36328125 0.015625 0.03125
1 0.66171875 0.32421875 0.015625 0.028125
1 0.78046875 0.68671875 0.134375 0.2515625
1 0.95859375 0.40703125 0.0421875 0.0921875
1 0.871875 0.44296875 0.0265625 0.05
1 0.075 0.60234375 0.0171875 0.0375
1 0.0609375 0.41796875 0.015625 0.028125