1 0.80546875 0.01171875 0.0828125 0.0234375
1 0.76328125 0.06328125 0.10625 0.0625
2 0.6140625 0.08984375 0.096875 0.059375
1 0.11640625 0.071875 0.146875 0.0875
1 0.87734375 0.2328125 0.0890625 0.065625
1 0.6015625 0.265625 0.11875 0.065625
0 0.328125 0.17734375 0.1375 0.0671875
1 0.234375 0.14140625 0.1421875 0.08125
1 0.08125 0.40546875 0.1390625 0.0765625
1 0.89375 0.45859375 0.1078125 0.0734375
1 0.70390625 0.484375 0.115625 0.0703125
1 0.30859375 0.5296875 0.1 0.0640625
1 0.21640625 0.5875 0.1328125 0.084375
1 0.9078125 0.63203125 0.1015625 0.0671875
1 0.63359375 0.63046875 0.1140625 0.0625
1 0.9140625 0.71953125 0.1296875 0.078125
1 0.978125 0.7890625 0.04375 0.05625
1 0.82890625 0.871875 0.1078125 0.0734375
1 0.4640625 0.93359375 0.115625 0.0828125