1 0.74765625 0.39296875 0.1296875 0.071875
1 0.6078125 0.5375 0.1125 0.059375
1 0.109375 0.29609375 0.21875 0.1359375
1 0.06953125 0.54375 0.1296875 0.1234375
1 0.80625 0.83359375 0.1078125 0.059375
1 0.84921875 0.6390625 0.1046875 0.0671875
1 0.84609375 0.71875 0.1296875 0.0625
1 0.74921875 0.5078125 0.1296875 0.0671875
1 0.95390625 0.51953125 0.075 0.0265625
1 0.91171875 0.40078125 0.084375 0.046875
1 0.96484375 0.2625 0.0625 0.03125
1 0.90703125 0.15078125 0.075 0.046875
1 0.8703125 0.04375 0.0671875 0.0515625
1 0.94140625 0.196875 0.0625 0.03125
1 0.9625 0.7796875 0.075 0.040625
2 0.875 0.22265625 0.0796875 0.0390625