1 0.62109375 0.69375 0.1640625 0.2125
1 0.7765625 0.63203125 0.178125 0.2234375
1 0.9375 0.56796875 0.084375 0.115625
1 0.87890625 0.3484375 0.0875 0.1
1 0.98046875 0.3390625 0.0390625 0.075
1 0.71484375 0.41328125 0.10625 0.1296875
1 0.70390625 0.2390625 0.0625 0.084375
1 0.571875 0.465625 0.0984375 0.125
1 0.3828125 0.42109375 0.1 0.1328125
1 0.54375 0.36796875 0.078125 0.090625
1 0.2796875 0.35625 0.0765625 0.0875
1 0.1234375 0.42421875 0.1 0.1296875
1 0.096875 0.265625 0.0734375 0.0890625
1 0.3203125 0.16328125 0.075 0.084375
1 0.446875 0.1421875 0.0703125 0.0859375
1 0.5515625 0.21953125 0.0421875 0.0609375
1 0.59375 0.26953125 0.0484375 0.06875
1 0.2390625 0.08984375 0.075 0.0875