1 0.59765625 0.9546875 0.1078125 0.075
1 0.43515625 0.91875 0.05625 0.0375
1 0.4 0.88515625 0.040625 0.021875
1 0.43359375 0.80625 0.04375 0.034375
1 0.36640625 0.76953125 0.04375 0.025
1 0.35390625 0.83203125 0.0296875 0.0203125
1 0.53359375 0.7140625 0.1671875 0.1078125
1 0.38984375 0.6 0.0296875 0.021875
1 0.35703125 0.71484375 0.0265625 0.0203125
1 0.45390625 0.559375 0.053125 0.0390625
1 0.4421875 0.459375 0.0890625 0.059375
1 0.39140625 0.51171875 0.0296875 0.015625
1 0.384375 0.55625 0.0203125 0.0171875
1 0.3515625 0.41953125 0.034375 0.025
1 0.38984375 0.3015625 0.0265625 0.025
1 0.4390625 0.2546875 0.034375 0.021875
1 0.44140625 0.17734375 0.0671875 0.0484375
1 0.39296875 0.11171875 0.034375 0.0203125
1 0.45625 0.01328125 0.0625 0.021875
1 0.36484375 0.3421875 0.015625 0.009375
1 0.33984375 0.303125 0.0203125 0.015625
1 0.3578125 0.2734375 0.015625 0.0125
1 0.3953125 0.2265625 0.034375 0.0203125
1 0.38203125 0.0421875 0.034375 0.0203125
1 0.36171875 0.01953125 0.0203125 0.009375