2 0.2375 0.83671875 0.14375 0.0875
2 0.3703125 0.79609375 0.1140625 0.0796875
2 0.54296875 0.82109375 0.146875 0.090625
2 0.23046875 0.70859375 0.1421875 0.08125
2 0.51796875 0.6703125 0.1734375 0.1015625
1 0.56796875 0.5671875 0.2078125 0.1234375
2 0.31484375 0.4265625 0.1421875 0.0765625
2 0.6796875 0.42421875 0.16875 0.109375
2 0.51640625 0.38046875 0.14375 0.0875
1 0.7046875 0.14765625 0.196875 0.1109375
2 0.43671875 0.0296875 0.1265625 0.059375
2 0.190625 0.25 0.1125 0.071875
2 0.27265625 0.075 0.0875 0.05625
2 0.27734375 0.478125 0.103125 0.0703125