1 0.30859375 0.9546875 0.0875 0.0609375
1 0.4546875 0.94921875 0.0875 0.0671875
1 0.36640625 0.84296875 0.1546875 0.0890625
1 0.38828125 0.75078125 0.0828125 0.0515625
1 0.1796875 0.48828125 0.1203125 0.0734375
1 0.3296875 0.171875 0.1703125 0.1078125
1 0.45625 0.090625 0.0828125 0.0484375
1 0.4515625 0.2953125 0.0640625 0.0546875
1 0.4375 0.2390625 0.05625 0.0359375
1 0.29765625 0.74453125 0.0734375 0.0515625
1 0.3765625 0.06875 0.05625 0.0390625
1 0.48515625 0.0546875 0.0625 0.03125
1 0.2515625 0.4390625 0.090625 0.034375