0 0.62890625 0.85625 0.2453125 0.1859375
1 0.696875 0.51875 0.23125 0.18125
1 0.77265625 0.38984375 0.1734375 0.1109375
1 0.7640625 0.25625 0.23125 0.1734375
1 0.665625 0.128125 0.175 0.1296875
1 0.42265625 0.36171875 0.1328125 0.0953125
1 0.36640625 0.3078125 0.1234375 0.096875
1 0.37890625 0.5234375 0.0953125 0.0671875
1 0.3140625 0.48671875 0.0984375 0.078125
1 0.20078125 0.48046875 0.0703125 0.053125
1 0.1578125 0.40390625 0.0671875 0.0515625
1 0.20390625 0.54453125 0.0671875 0.0515625
1 0.1453125 0.5125 0.0515625 0.040625
1 0.11640625 0.45 0.053125 0.0453125
1 0.08203125 0.3640625 0.0453125 0.0421875
1 0.03671875 0.19453125 0.034375 0.03125