1 0.60234375 0.0546875 0.1015625 0.0765625
0 0.58046875 0.21640625 0.08125 0.0625
1 0.690625 0.2953125 0.0953125 0.071875
1 0.29296875 0.4109375 0.2125 0.14375
1 0.50546875 0.40390625 0.146875 0.1125
1 0.74609375 0.4765625 0.0640625 0.0421875
1 0.59140625 0.596875 0.1703125 0.1234375
0 0.82734375 0.6015625 0.078125 0.05
1 0.7359375 0.64609375 0.0828125 0.0609375
1 0.61171875 0.75234375 0.1046875 0.078125
1 0.78125 0.73515625 0.0875 0.065625
1 0.5640625 0.88671875 0.1875 0.1515625
1 0.8796875 0.85234375 0.065625 0.05
1 0.86328125 0.7984375 0.075 0.0546875
1 0.2875 0.0640625 0.125 0.0796875