1 0.7265625 0.0625 0.0609375 0.0390625
1 0.72734375 0.15390625 0.075 0.0453125
2 0.7828125 0.20078125 0.0421875 0.03125
2 0.8265625 0.22890625 0.059375 0.04375
2 0.79609375 0.33125 0.065625 0.05
1 0.76484375 0.4828125 0.096875 0.059375
0 0.8234375 0.5109375 0.0578125 0.025
2 0.83046875 0.5734375 0.0703125 0.046875
0 0.8453125 0.634375 0.0703125 0.05
1 0.87734375 0.7953125 0.103125 0.0640625
1 0.89296875 0.721875 0.046875 0.03125
1 0.82109375 0.6953125 0.0421875 0.028125
2 0.803125 0.03515625 0.0546875 0.0328125