1 0.15859375 0.921875 0.0703125 0.0453125
1 0.05703125 0.78515625 0.1140625 0.0828125
1 0.2796875 0.703125 0.075 0.0359375
0 0.30390625 0.59296875 0.0625 0.0390625
1 0.13671875 0.525 0.0984375 0.05
1 0.17421875 0.421875 0.0875 0.040625
1 0.23359375 0.44453125 0.0703125 0.040625
1 0.26015625 0.29609375 0.0765625 0.046875
1 0.278125 0.24921875 0.0765625 0.0453125
1 0.35078125 0.19765625 0.046875 0.025
1 0.30859375 0.140625 0.078125 0.05
1 0.3484375 0.0734375 0.0671875 0.040625
1 0.35703125 0.0390625 0.06875 0.0375