1 0.209375 0.90390625 0.1546875 0.0953125
1 0.37109375 0.828125 0.2078125 0.1515625
1 0.35703125 0.59140625 0.103125 0.0765625
1 0.20859375 0.54921875 0.084375 0.0703125
1 0.2875 0.53203125 0.1125 0.065625
1 0.265625 0.45546875 0.16875 0.1234375
1 0.27109375 0.3109375 0.103125 0.0734375
2 0.13125 0.33359375 0.0734375 0.05
2 0.2140625 0.24609375 0.0765625 0.05
1 0.28984375 0.17734375 0.121875 0.0765625
1 0.46171875 0.11171875 0.159375 0.11875
1 0.26015625 0.10234375 0.0828125 0.059375
1 0.13828125 0.121875 0.0765625 0.05625