1 0.23828125 0.9546875 0.0890625 0.0734375
1 0.2171875 0.82265625 0.0984375 0.06875
1 0.20703125 0.69765625 0.103125 0.0734375
1 0.2390625 0.60546875 0.06875 0.0640625
1 0.24296875 0.553125 0.1015625 0.065625
1 0.21015625 0.30625 0.14375 0.0671875
1 0.27109375 0.1640625 0.134375 0.0765625
1 0.534375 0.1046875 0.15 0.0828125
1 0.621875 0.1890625 0.115625 0.0859375
1 0.60625 0.3875 0.121875 0.0765625
1 0.50078125 0.47890625 0.14375 0.071875
1 0.596875 0.64921875 0.115625 0.09375
1 0.5140625 0.8609375 0.13125 0.0765625