2 0.01640625 0.653125 0.028125 0.0609375
1 0.06796875 0.66953125 0.0515625 0.0765625
1 0.14921875 0.64921875 0.0234375 0.046875
1 0.22734375 0.7171875 0.0484375 0.0640625
2 0.3171875 0.540625 0.03125 0.0484375
1 0.3421875 0.5609375 0.040625 0.053125
0 0.3828125 0.5796875 0.034375 0.040625
2 0.34765625 0.64375 0.040625 0.0578125
1 0.2953125 0.671875 0.04375 0.053125
1 0.390625 0.6609375 0.0453125 0.0640625
1 0.43828125 0.615625 0.0421875 0.0671875
1 0.534375 0.596875 0.0359375 0.0484375
1 0.475 0.696875 0.0484375 0.0671875
1 0.48828125 0.77265625 0.0515625 0.0796875
1 0.5859375 0.59375 0.0453125 0.0640625
2 0.5078125 0.96328125 0.05625 0.0734375
1 0.56796875 0.4921875 0.0328125 0.040625
1 0.51796875 0.45 0.0265625 0.04375
1 0.615625 0.50546875 0.0296875 0.04375
1 0.7375 0.44453125 0.0296875 0.040625
1 0.79375 0.4640625 0.021875 0.03125
1 0.90078125 0.55625 0.0296875 0.0375