1 0.496875 0.978125 0.078125 0.04375
1 0.45859375 0.91328125 0.071875 0.046875
1 0.45703125 0.809375 0.0734375 0.0484375
1 0.42890625 0.715625 0.0625 0.04375
1 0.44765625 0.653125 0.08125 0.046875
1 0.4640625 0.51796875 0.075 0.046875
1 0.425 0.49765625 0.0859375 0.0296875
1 0.434375 0.38828125 0.0484375 0.0265625
1 0.32421875 0.31171875 0.0953125 0.0546875
1 0.34609375 0.13203125 0.0921875 0.0609375
1 0.36796875 0.0109375 0.071875 0.01875
1 0.36484375 0.07578125 0.0796875 0.0484375
2 0.44140625 0.36328125 0.071875 0.0359375
2 0.4921875 0.59609375 0.075 0.04375
2 0.471875 0.7421875 0.0828125 0.0484375