1 0.1125 0.2265625 0.04375 0.0734375
1 0.23125 0.234375 0.053125 0.078125
1 0.32421875 0.24921875 0.04375 0.0578125
1 0.41171875 0.12734375 0.0625 0.1
1 0.46875 0.17109375 0.0359375 0.05
1 0.54296875 0.1765625 0.053125 0.078125
1 0.62265625 0.36328125 0.0484375 0.0765625
1 0.66640625 0.14375 0.053125 0.078125
1 0.753125 0.19765625 0.0515625 0.08125
1 0.82109375 0.2125 0.0359375 0.0578125
1 0.8640625 0.21171875 0.0453125 0.0609375
1 0.88515625 0.1609375 0.0265625 0.0421875
1 0.95390625 0.1328125 0.0546875 0.084375