1 0.13046875 0.9421875 0.1296875 0.115625
1 0.2359375 0.83515625 0.0859375 0.121875
1 0.3375 0.765625 0.1609375 0.246875
1 0.509375 0.61328125 0.1 0.1734375
1 0.2859375 0.26796875 0.0546875 0.08125
1 0.3453125 0.12890625 0.0453125 0.0640625
1 0.38828125 0.259375 0.04375 0.075
1 0.44765625 0.14296875 0.0359375 0.046875
1 0.5421875 0.14296875 0.0453125 0.0671875
1 0.54609375 0.365625 0.046875 0.0703125
1 0.69765625 0.53359375 0.125 0.171875
1 0.709375 0.15859375 0.0421875 0.059375
2 0.82109375 0.2953125 0.0453125 0.0640625
2 0.6203125 0.1796875 0.0453125 0.0671875
2 0.440625 0.4625 0.05625 0.08125