1 0.69375 0.0671875 0.0796875 0.05625
1 0.709375 0.18515625 0.084375 0.0671875
1 0.7125 0.2796875 0.0640625 0.053125
1 0.8484375 0.3421875 0.1078125 0.0796875
1 0.8171875 0.40625 0.0546875 0.04375
1 0.82578125 0.48046875 0.084375 0.0671875
1 0.6578125 0.59453125 0.084375 0.0625
1 0.88125 0.59609375 0.084375 0.0671875
1 0.8453125 0.690625 0.0875 0.0640625
1 0.84375 0.7609375 0.0625 0.0453125
1 0.85234375 0.80234375 0.0671875 0.0546875
1 0.90625 0.81328125 0.0453125 0.034375
1 0.946875 0.87578125 0.090625 0.06875