2 0.80234375 0.9078125 0.0625 0.03125
1 0.80078125 0.853125 0.078125 0.0546875
1 0.75546875 0.7828125 0.0484375 0.025
1 0.79453125 0.6875 0.065625 0.0515625
2 0.59765625 0.659375 0.05 0.0328125
1 0.60859375 0.62890625 0.0546875 0.04375
0 0.61328125 0.584375 0.0421875 0.0359375
2 0.68515625 0.59765625 0.0578125 0.0421875
1 0.72890625 0.6375 0.0546875 0.0453125
1 0.6875 0.55078125 0.065625 0.0484375
1 0.6296875 0.52109375 0.0671875 0.0453125
1 0.58046875 0.4359375 0.05 0.0375
1 0.69453125 0.46015625 0.06875 0.0515625
1 0.76171875 0.421875 0.08125 0.05625
1 0.56015625 0.38828125 0.065625 0.0484375
2 0.93828125 0.33984375 0.0796875 0.059375
1 0.4703125 0.43828125 0.0421875 0.034375
1 0.446875 0.49921875 0.04375 0.0296875
1 0.4671875 0.3890625 0.0453125 0.0328125
1 0.3703125 0.29375 0.0421875 0.03125
1 0.3703125 0.23359375 0.0328125 0.021875
1 0.42265625 0.103125 0.0390625 0.03125