1 0.08828125 0.7328125 0.1765625 0.325
1 0.25703125 0.60390625 0.109375 0.19375
2 0.3046875 0.36875 0.06875 0.1078125
1 0.41015625 0.5078125 0.0890625 0.15
2 0.48046875 0.35078125 0.0390625 0.1203125
1 0.54921875 0.421875 0.115625 0.215625
1 0.6453125 0.42265625 0.090625 0.184375
2 0.68515625 0.14140625 0.0484375 0.0859375
1 0.87421875 0.22265625 0.05 0.0765625
1 0.928125 0.19375 0.0578125 0.103125
1 0.7453125 0.3203125 0.05 0.0859375
1 0.784375 0.42578125 0.0765625 0.14375
1 0.9609375 0.45234375 0.071875 0.1390625
1 0.7375 0.9140625 0.140625 0.171875
1 0.45546875 0.09765625 0.034375 0.059375
2 0.6078125 0.13671875 0.0328125 0.0734375
2 0.7921875 0.05625 0.034375 0.05