1 0.36640625 0.93515625 0.05 0.03125
1 0.44921875 0.86640625 0.075 0.0515625
1 0.44140625 0.8140625 0.1296875 0.0859375
1 0.4296875 0.76171875 0.075 0.05
1 0.62265625 0.71875 0.11875 0.084375
1 0.30234375 0.9171875 0.025 0.0171875
1 0.3125 0.871875 0.03125 0.021875
1 0.32734375 0.85078125 0.0421875 0.03125
1 0.33125 0.828125 0.034375 0.025
1 0.38046875 0.6796875 0.0546875 0.0375
1 0.40390625 0.66171875 0.034375 0.025
1 0.465625 0.66328125 0.046875 0.0375
1 0.37421875 0.61328125 0.034375 0.0234375
1 0.45859375 0.54921875 0.046875 0.0375
1 0.6171875 0.6140625 0.05625 0.0421875
1 0.46328125 0.4953125 0.0625 0.034375
1 0.50703125 0.46484375 0.071875 0.0484375
1 0.621875 0.50859375 0.140625 0.075
1 0.36875 0.50234375 0.040625 0.0265625
1 0.36171875 0.54453125 0.0421875 0.03125
1 0.5390625 0.3640625 0.075 0.0578125
1 0.4546875 0.40859375 0.0421875 0.03125
1 0.4171875 0.29375 0.034375 0.0234375
1 0.37578125 0.29609375 0.03125 0.021875
1 0.75703125 0.28203125 0.275 0.190625
1 0.53671875 0.03359375 0.1 0.0625
1 0.54765625 0.1265625 0.0546875 0.0375
1 0.48125 0.93671875 0.040625 0.0265625
1 0.3 0.89921875 0.03125 0.021875