1 0.15 0.20625 0.078125 0.1015625
0 0.28359375 0.29921875 0.0625 0.08125
1 0.4046875 0.23671875 0.071875 0.096875
1 0.3265625 0.64453125 0.146875 0.2125
1 0.4171875 0.4515625 0.1140625 0.1484375
1 0.59140625 0.26953125 0.04375 0.0640625
1 0.62734375 0.4625 0.125 0.1703125
0 0.7390625 0.2546875 0.05 0.078125
1 0.7375 0.35625 0.0625 0.084375
1 0.77578125 0.51484375 0.078125 0.1046875
1 0.83671875 0.35625 0.0671875 0.0875
1 0.87421875 0.61796875 0.153125 0.1890625
1 0.98046875 0.32109375 0.0390625 0.0671875
1 0.93125 0.31171875 0.05625 0.075
1 0.02734375 0.490625 0.0546875 0.125