1 0.6796875 0.0796875 0.1046875 0.0515625
1 0.6203125 0.1625 0.0890625 0.046875
1 0.6484375 0.34765625 0.1125 0.05625
1 0.67421875 0.40078125 0.0796875 0.04375
1 0.4390625 0.45234375 0.0984375 0.0546875
1 0.68984375 0.521875 0.0796875 0.03125
1 0.67890625 0.55703125 0.09375 0.046875
1 0.64609375 0.60859375 0.0796875 0.04375
1 0.6109375 0.646875 0.0890625 0.04375
1 0.590625 0.709375 0.1078125 0.059375
1 0.7046875 0.7609375 0.075 0.0359375
2 0.70546875 0.80234375 0.065625 0.0390625
1 0.7265625 0.87734375 0.0890625 0.04375
1 0.70546875 0.93359375 0.0984375 0.0515625
1 0.71796875 0.29375 0.075 0.0359375
1 0.67734375 0.471875 0.065625 0.0359375
1 0.71953125 0.3625 0.065625 0.0390625
1 0.7078125 0.83359375 0.053125 0.0265625