1 0.38671875 0.04921875 0.109375 0.0765625
1 0.55 0.0796875 0.0578125 0.0375
1 0.58671875 0.11171875 0.0421875 0.0234375
1 0.55546875 0.1921875 0.0453125 0.0359375
1 0.62421875 0.22578125 0.0453125 0.0265625
1 0.634375 0.1625 0.03125 0.021875
1 0.459375 0.28671875 0.1703125 0.1125
1 0.60625 0.39609375 0.03125 0.0234375
1 0.6359375 0.28046875 0.028125 0.021875
1 0.54375 0.4390625 0.0546875 0.040625
1 0.559375 0.53828125 0.090625 0.0625
1 0.6078125 0.484375 0.0296875 0.0171875
1 0.61328125 0.43984375 0.021875 0.01875
1 0.65078125 0.575 0.0359375 0.0265625
1 0.6171875 0.69375 0.028125 0.0265625
1 0.56953125 0.74296875 0.0359375 0.0234375
1 0.5703125 0.8203125 0.06875 0.05
1 0.6203125 0.884375 0.0359375 0.021875
1 0.5609375 0.98515625 0.0640625 0.0234375
1 0.63984375 0.653125 0.015625 0.0109375
1 0.6671875 0.69140625 0.021875 0.0171875
1 0.65 0.72109375 0.015625 0.0140625
1 0.6140625 0.76953125 0.0359375 0.021875
1 0.634375 0.95390625 0.0359375 0.021875
1 0.6546875 0.975 0.0203125 0.0109375