1 0.24375 0.0921875 0.1 0.071875
0 0.39453125 0.0328125 0.0890625 0.0609375
1 0.23359375 0.29609375 0.0796875 0.0609375
1 0.340625 0.2515625 0.065625 0.0453125
1 0.13046875 0.8390625 0.0828125 0.05625
0 0.20390625 0.828125 0.103125 0.0734375
0 0.1984375 0.459375 0.1109375 0.084375
2 0.23359375 0.7546875 0.1 0.071875
2 0.10703125 0.90625 0.0703125 0.0546875
2 0.22265625 0.58125 0.0796875 0.059375
2 0.24453125 0.34140625 0.065625 0.0453125
2 0.20859375 0.20625 0.075 0.059375
2 0.18203125 0.70078125 0.06875 0.046875