1 0.53203125 0.58671875 0.1171875 0.1640625
1 0.03984375 0.38671875 0.025 0.0359375
1 0.13203125 0.43203125 0.0125 0.034375
1 0.24375 0.4359375 0.01875 0.03125
1 0.27734375 0.4296875 0.0234375 0.03125
1 0.37890625 0.4609375 0.0203125 0.0390625
2 0.35390625 0.42734375 0.0265625 0.040625
1 0.43828125 0.44140625 0.021875 0.0390625
1 0.49765625 0.45390625 0.025 0.0421875
1 0.65546875 0.4828125 0.0203125 0.0390625
1 0.7 0.4734375 0.0125 0.03125
1 0.7375 0.5046875 0.015625 0.03125
1 0.88828125 0.3796875 0.0203125 0.0234375
1 0.93984375 0.50859375 0.0125 0.028125
2 0.8890625 0.49921875 0.021875 0.0359375
1 0.89921875 0.44375 0.0203125 0.028125