2 0.246875 0.9203125 0.121875 0.0875
2 0.0890625 0.740625 0.0703125 0.0421875
2 0.08046875 0.58984375 0.0765625 0.046875
1 0.1140625 0.540625 0.11875 0.0734375
2 0.22109375 0.6734375 0.103125 0.0765625
1 0.37890625 0.665625 0.159375 0.1046875
2 0.42421875 0.821875 0.0828125 0.075
0 0.86484375 0.81484375 0.13125 0.0890625
0 0.51328125 0.69296875 0.1609375 0.1015625
0 0.4421875 0.53671875 0.2125 0.1453125
2 0.19921875 0.4296875 0.0859375 0.05625
1 0.225 0.3796875 0.1359375 0.0875
1 0.19921875 0.1890625 0.1890625 0.1265625
1 0.6484375 0.253125 0.240625 0.1578125