1 0.053125 0.4125 0.028125 0.05
1 0.13046875 0.48828125 0.0453125 0.0734375
1 0.18125 0.475 0.075 0.1265625
1 0.23203125 0.4578125 0.04375 0.0734375
1 0.2953125 0.64453125 0.075 0.1140625
1 0.06484375 0.346875 0.015625 0.0234375
1 0.11015625 0.35234375 0.0203125 0.0296875
1 0.1328125 0.36484375 0.028125 0.040625
1 0.15546875 0.36640625 0.021875 0.0328125
1 0.30859375 0.4 0.0328125 0.053125
1 0.32890625 0.421875 0.021875 0.0328125
1 0.334375 0.48359375 0.034375 0.04375
1 0.37421875 0.38671875 0.0203125 0.0328125
1 0.44609375 0.4640625 0.034375 0.04375
1 0.39921875 0.62890625 0.0375 0.0546875
1 0.50078125 0.46328125 0.0296875 0.0625
1 0.5359375 0.503125 0.0421875 0.0703125
1 0.5046875 0.621875 0.0625 0.1390625
1 0.484375 0.36953125 0.0234375 0.0390625
1 0.44140625 0.3671875 0.028125 0.040625
1 0.6390625 0.52421875 0.0515625 0.071875
1 0.5859375 0.4453125 0.028125 0.040625
1 0.69609375 0.39609375 0.0203125 0.0328125
1 0.68984375 0.35546875 0.0203125 0.0296875
1 0.74375 0.7328125 0.1671875 0.2671875
1 0.96796875 0.4875 0.0546875 0.096875
1 0.87578125 0.5078125 0.0328125 0.053125
1 0.0640625 0.5265625 0.0234375 0.0390625
1 0.08203125 0.34296875 0.0203125 0.0296875