1 0.85859375 0.82109375 0.09375 0.0609375
0 0.7296875 0.9203125 0.084375 0.0515625
1 0.8125 0.621875 0.075 0.0515625
1 0.721875 0.6953125 0.0609375 0.0390625
1 0.76171875 0.071875 0.078125 0.046875
0 0.69375 0.10234375 0.096875 0.0609375
0 0.80078125 0.45625 0.1046875 0.071875
2 0.6859375 0.18125 0.09375 0.0609375
2 0.765625 0.0125 0.065625 0.025
2 0.74453125 0.3453125 0.075 0.05
2 0.7890625 0.58203125 0.0609375 0.0390625
2 0.8609375 0.7015625 0.0703125 0.053125
2 0.75078125 0.21953125 0.0640625 0.0390625