1 0.13125 0.6515625 0.0796875 0.0921875
1 0.25390625 0.58671875 0.0671875 0.1
1 0.415625 0.8328125 0.08125 0.10625
1 0.315625 0.55703125 0.0546875 0.0765625
1 0.3484375 0.43125 0.0484375 0.071875
0 0.2546875 0.38984375 0.040625 0.059375
1 0.15546875 0.47421875 0.040625 0.0703125
1 0.1359375 0.396875 0.0265625 0.046875
1 0.19140625 0.34921875 0.025 0.0390625
1 0.4671875 0.475 0.075 0.096875
1 0.51796875 0.3890625 0.0484375 0.075
1 0.7609375 0.43515625 0.09375 0.1171875
1 0.93203125 0.484375 0.046875 0.0890625
1 0.6078125 0.34296875 0.028125 0.06875
1 0.53203125 0.25390625 0.040625 0.0625
1 0.434375 0.23359375 0.034375 0.0484375
1 0.28671875 0.27734375 0.0265625 0.05
1 0.07734375 0.38046875 0.0265625 0.0609375
1 0.05234375 0.32734375 0.025 0.046875
1 0.12578125 0.28515625 0.034375 0.05625
1 0.19609375 0.2421875 0.0234375 0.0359375