1 0.675 0.93515625 0.121875 0.0921875
0 0.61875 0.87734375 0.1046875 0.075
2 0.37109375 0.8859375 0.0765625 0.0578125
1 0.24765625 0.8640625 0.0984375 0.0625
1 0.20234375 0.91171875 0.0796875 0.0515625
1 0.040625 0.5859375 0.08125 0.071875
1 0.2125 0.6734375 0.08125 0.0703125
1 0.4328125 0.728125 0.1 0.0671875
1 0.875 0.73203125 0.1203125 0.0953125
1 0.7390625 0.546875 0.0953125 0.08125
1 0.828125 0.521875 0.11875 0.096875
1 0.428125 0.48515625 0.10625 0.0796875
1 0.27890625 0.46015625 0.0984375 0.0828125
1 0.15625 0.41953125 0.0859375 0.075
1 0.5265625 0.36328125 0.090625 0.065625
1 0.31875 0.2875 0.1015625 0.075
1 0.33828125 0.2046875 0.10625 0.0796875
1 0.746875 0.12109375 0.0890625 0.0875
1 0.44921875 0.0828125 0.09375 0.078125
1 0.29296875 0.11328125 0.0828125 0.0625
1 0.18359375 0.08671875 0.0703125 0.059375