1 0.096875 0.925 0.084375 0.053125
1 0.1515625 0.87265625 0.109375 0.06875
2 0.303125 0.878125 0.1 0.065625
1 0.78671875 0.975 0.1515625 0.05
1 0.075 0.6828125 0.0921875 0.071875
1 0.3515625 0.7078125 0.121875 0.0734375
0 0.6015625 0.85078125 0.140625 0.0765625
1 0.68515625 0.90625 0.146875 0.0921875
1 0.88984375 0.6796875 0.1421875 0.0859375
1 0.10625 0.45859375 0.1109375 0.08125
1 0.296875 0.4734375 0.11875 0.0765625
1 0.69375 0.5109375 0.1046875 0.0703125
1 0.7953125 0.4734375 0.1375 0.0921875
1 0.128125 0.2859375 0.1046875 0.071875
1 0.39609375 0.34453125 0.1171875 0.0703125
1 0.140625 0.19921875 0.1328125 0.0875
1 0.08046875 0.11484375 0.06875 0.0609375
1 0.25546875 0.06796875 0.1109375 0.08125
1 0.62578125 0.08359375 0.1203125 0.0890625