1 0.27265625 0.2796875 0.2296875 0.1625
1 0.84921875 0.6234375 0.1015625 0.065625
2 0.8046875 0.8234375 0.1140625 0.0859375
1 0.5859375 0.65859375 0.115625 0.078125
2 0.9796875 0.40234375 0.0375 0.025
2 0.95390625 0.44921875 0.0375 0.025
2 0.95859375 0.54296875 0.0359375 0.028125
1 0.7234375 0.8875 0.046875 0.0375
1 0.8765625 0.78828125 0.0484375 0.0328125
2 0.9171875 0.70390625 0.046875 0.028125
2 0.93984375 0.73828125 0.028125 0.01875
1 0.9078125 0.47578125 0.053125 0.034375
1 0.84375 0.45625 0.1078125 0.0625