2 0.05859375 0.5046875 0.1 0.1421875
2 0.06640625 0.14140625 0.071875 0.1
1 0.12421875 0.10703125 0.059375 0.096875
1 0.28515625 0.05390625 0.0625 0.0890625
2 0.2078125 0.12890625 0.0765625 0.1125
2 0.2515625 0.29375 0.0484375 0.0765625
2 0.2140625 0.490625 0.090625 0.1328125
2 0.1640625 0.65625 0.1140625 0.115625
1 0.2296875 0.8875 0.140625 0.225
2 0.36640625 0.6640625 0.1484375 0.16875
2 0.3171875 0.3859375 0.0984375 0.128125
2 0.325 0.14375 0.075 0.078125
2 0.41953125 0.15390625 0.0703125 0.09375
1 0.478125 0.11328125 0.0765625 0.1
1 0.4796875 0.34921875 0.096875 0.1328125
2 0.55625 0.25703125 0.0671875 0.103125
2 0.60859375 0.10390625 0.084375 0.1203125
2 0.7125 0.0953125 0.071875 0.08125
2 0.73125 0.253125 0.0671875 0.09375
1 0.67578125 0.415625 0.1078125 0.1578125
2 0.6421875 0.65625 0.0984375 0.1328125
1 0.7671875 0.78046875 0.1078125 0.146875
1 0.8265625 0.47890625 0.0984375 0.1421875
2 0.84609375 0.12578125 0.0640625 0.096875
2 0.95234375 0.06171875 0.053125 0.078125
1 0.91328125 0.29296875 0.0765625 0.1