1 0.42109375 0.88359375 0.2015625 0.109375
1 0.2796875 0.6921875 0.1515625 0.1125
1 0.15546875 0.859375 0.090625 0.0609375
1 0.06640625 0.6 0.090625 0.05625
1 0.3234375 0.50859375 0.1046875 0.06875
1 0.26875 0.43515625 0.0921875 0.0515625
1 0.29921875 0.33984375 0.1015625 0.05
1 0.46875 0.42109375 0.1234375 0.078125
1 0.6859375 0.4265625 0.1359375 0.08125
1 0.478125 0.228125 0.1109375 0.084375
1 0.07734375 0.32578125 0.075 0.040625
1 0.18984375 0.1171875 0.05 0.04375
1 0.2890625 0.021875 0.146875 0.04375
1 0.10625 0.4640625 0.065625 0.03125