2 0.9125 0.86328125 0.065625 0.046875
2 0.68203125 0.96953125 0.065625 0.0421875
2 0.6875 0.8484375 0.065625 0.0390625
2 0.57890625 0.95625 0.05625 0.0375
2 0.5359375 0.83515625 0.065625 0.04375
2 0.4421875 0.94453125 0.0609375 0.0390625
2 0.44296875 0.83828125 0.040625 0.034375
2 0.3890625 0.80078125 0.05 0.034375
2 0.2953125 0.93984375 0.053125 0.034375
2 0.24609375 0.90859375 0.0375 0.028125
2 0.2625 0.79375 0.05625 0.0375
2 0.12109375 0.88984375 0.05 0.03125
2 0.1359375 0.7984375 0.05625 0.0375
2 0.06796875 0.78125 0.04375 0.0328125
2 0.12421875 0.6125 0.040625 0.0171875
1 0.10859375 0.53671875 0.04375 0.0203125
1 0.09375 0.490625 0.040625 0.021875
2 0.14140625 0.55390625 0.04375 0.0296875
2 0.1984375 0.54921875 0.04375 0.028125
1 0.2984375 0.56796875 0.040625 0.028125
2 0.35 0.5296875 0.04375 0.0203125
2 0.40078125 0.55 0.05 0.0234375
2 0.48828125 0.5453125 0.053125 0.03125
2 0.58125 0.5671875 0.05625 0.0390625
2 0.65625 0.53125 0.04375 0.0328125
2 0.83671875 0.51875 0.040625 0.034375
2 0.92890625 0.50078125 0.06875 0.04375
2 0.91328125 0.5328125 0.04375 0.015625
1 0.440625 0.4796875 0.05 0.034375
2 0.4828125 0.44765625 0.0609375 0.0359375
2 0.3890625 0.44140625 0.053125 0.0359375
2 0.3828125 0.46953125 0.05 0.0265625
2 0.20625 0.48203125 0.0375 0.0171875
2 0.228125 0.459375 0.05 0.03125
2 0.10625 0.42734375 0.04375 0.025
2 0.24765625 0.4171875 0.05 0.03125
2 0.23671875 0.36953125 0.0375 0.025
2 0.34453125 0.36640625 0.05 0.034375
2 0.5203125 0.38515625 0.040625 0.0296875
2 0.66875 0.4359375 0.05625 0.0296875
2 0.7171875 0.3984375 0.05625 0.0359375
2 0.71171875 0.3546875 0.05625 0.034375
2 0.54453125 0.3515625 0.05625 0.0359375
2 0.93671875 0.3546875 0.05625 0.03125
2 0.1484375 0.38984375 0.040625 0.028125
2 0.1203125 0.35 0.040625 0.0171875
2 0.0671875 0.36171875 0.0328125 0.021875
2 0.0921875 0.29296875 0.0375 0.021875
2 0.12578125 0.31875 0.028125 0.025
2 0.16953125 0.28828125 0.0375 0.0296875
2 0.26953125 0.29921875 0.040625 0.034375
2 0.246875 0.27578125 0.04375 0.0125
2 0.36796875 0.30390625 0.040625 0.0328125
2 0.41484375 0.27265625 0.053125 0.034375
2 0.421875 0.24765625 0.04375 0.0171875
2 0.525 0.2578125 0.053125 0.034375
2 0.66328125 0.26328125 0.04375 0.0375
2 0.79765625 0.22734375 0.053125 0.0359375
2 0.86875 0.21015625 0.0328125 0.021875
2 0.96015625 0.1921875 0.053125 0.0359375
2 0.0953125 0.2484375 0.028125 0.0171875