1 0.24609375 0.9734375 0.0796875 0.053125
1 0.28203125 0.91796875 0.053125 0.034375
1 0.2296875 0.76484375 0.0609375 0.0359375
1 0.2296875 0.7 0.0890625 0.0515625
1 0.240625 0.6609375 0.05 0.0296875
1 0.2765625 0.61015625 0.053125 0.0390625
1 0.27421875 0.5375 0.05 0.0390625
1 0.3125 0.43671875 0.0734375 0.0546875
1 0.21328125 0.38984375 0.065625 0.046875
1 0.23203125 0.290625 0.053125 0.034375
1 0.22734375 0.253125 0.06875 0.04375
1 0.3203125 0.17421875 0.0703125 0.0484375
1 0.259375 0.1 0.078125 0.04375
1 0.2609375 0.58125 0.0359375 0.0203125