1 0.10078125 0.54375 0.0984375 0.1875
1 0.09375 0.2234375 0.0796875 0.1515625
1 0.178125 0.0828125 0.0734375 0.1546875
1 0.225 0.48359375 0.0828125 0.175
1 0.1765625 0.3734375 0.06875 0.140625
1 0.32421875 0.5765625 0.0796875 0.2046875
1 0.228125 0.90859375 0.1078125 0.13125
1 0.3859375 0.88828125 0.1296875 0.2046875
1 0.43515625 0.3515625 0.0875 0.18125
1 0.36953125 0.228125 0.078125 0.1515625
1 0.5578125 0.384375 0.075 0.15
1 0.54921875 0.790625 0.0984375 0.1671875
1 0.61953125 0.5984375 0.08125 0.1859375
1 0.62265625 0.33671875 0.0828125 0.171875
1 0.70078125 0.1453125 0.06875 0.140625
2 0.578125 0.0984375 0.05625 0.1015625
1 0.7734375 0.4453125 0.0734375 0.15
1 0.7875 0.7109375 0.1109375 0.2109375
1 0.840625 0.6875 0.0734375 0.1609375
1 0.9609375 0.5046875 0.078125 0.190625
1 0.95546875 0.24765625 0.078125 0.15625
1 0.978125 0.103125 0.04375 0.096875
1 0.8609375 0.39921875 0.08125 0.146875
1 0.9296875 0.9140625 0.06875 0.171875