1 0.146875 0.1796875 0.0609375 0.09375
1 0.215625 0.24375 0.065625 0.0828125
1 0.3640625 0.19453125 0.040625 0.0609375
1 0.40390625 0.26640625 0.0671875 0.1046875
1 0.43359375 0.21171875 0.0421875 0.065625
1 0.4578125 0.26015625 0.0578125 0.0859375
1 0.459375 0.46328125 0.0671875 0.090625
1 0.48984375 0.24453125 0.028125 0.0578125
1 0.52890625 0.271875 0.040625 0.065625
1 0.5765625 0.27890625 0.04375 0.0734375
1 0.6078125 0.2921875 0.059375 0.0890625
1 0.65234375 0.33203125 0.0515625 0.071875
1 0.6828125 0.36640625 0.0546875 0.084375
1 0.7390625 0.40234375 0.0703125 0.090625
1 0.77734375 0.2703125 0.0328125 0.05625
1 0.815625 0.321875 0.0484375 0.075
2 0.8515625 0.33046875 0.046875 0.0671875
1 0.8859375 0.32890625 0.0296875 0.046875
1 0.92890625 0.32890625 0.0546875 0.0734375
1 0.97421875 0.36015625 0.0515625 0.0859375