1 0.02109375 0.35546875 0.0421875 0.1046875
1 0.06640625 0.325 0.0765625 0.10625
1 0.21171875 0.19609375 0.0625 0.0984375
1 0.21171875 0.39453125 0.0640625 0.1109375
1 0.2796875 0.33828125 0.06875 0.1078125
1 0.36171875 0.3328125 0.0765625 0.1140625
1 0.39609375 0.24609375 0.075 0.1015625
1 0.46953125 0.284375 0.0765625 0.109375
1 0.52109375 0.240625 0.078125 0.1140625
1 0.64609375 0.24453125 0.065625 0.0953125
1 0.70078125 0.2421875 0.0609375 0.1109375
1 0.78359375 0.1890625 0.0859375 0.1234375
1 0.88359375 0.15703125 0.078125 0.1140625
1 0.28671875 0.2328125 0.06875 0.0953125
1 0.95625 0.28984375 0.0375 0.0828125