1 0.03359375 0.16015625 0.0671875 0.1390625
1 0.14765625 0.17265625 0.0921875 0.1421875
1 0.18359375 0.43515625 0.0984375 0.15625
1 0.12265625 0.78046875 0.0875 0.1421875
1 0.3125 0.4734375 0.0953125 0.1703125
1 0.31796875 0.82421875 0.0859375 0.125
1 0.52421875 0.61171875 0.1 0.184375
1 0.5578125 0.896875 0.090625 0.16875
1 0.603125 0.559375 0.0875 0.1515625
1 0.75234375 0.75859375 0.0890625 0.16875
1 0.83203125 0.29453125 0.090625 0.1609375
1 0.9453125 0.14765625 0.065625 0.1234375
1 0.95859375 0.38984375 0.0765625 0.1546875
1 0.84375 0.5984375 0.0890625 0.1640625
1 0.95234375 0.67734375 0.0953125 0.1703125
1 0.84296875 0.89765625 0.0984375 0.15625