2 0.10703125 0.91328125 0.06875 0.04375
2 0.23046875 0.83828125 0.0703125 0.0515625
2 0.390625 0.83984375 0.08125 0.0578125
1 0.5671875 0.86171875 0.075 0.053125
2 0.15234375 0.546875 0.06875 0.0453125
1 0.30703125 0.5828125 0.0703125 0.053125
1 0.40234375 0.53671875 0.0703125 0.05
1 0.578125 0.55234375 0.08125 0.0578125
1 0.05 0.28359375 0.0640625 0.0484375
1 0.146875 0.19765625 0.065625 0.053125
2 0.27265625 0.20546875 0.0546875 0.0453125
2 0.41484375 0.3015625 0.0734375 0.0484375
1 0.6078125 0.2015625 0.04375 0.0515625