2 0.06015625 0.9734375 0.0765625 0.053125
1 0.37109375 0.959375 0.096875 0.059375
1 0.27734375 0.76953125 0.0828125 0.0640625
1 0.0765625 0.74140625 0.09375 0.0671875
2 0.49375 0.940625 0.090625 0.0546875
1 0.90234375 0.95859375 0.13125 0.0484375
1 0.803125 0.8890625 0.11875 0.0765625
0 0.73046875 0.84609375 0.1125 0.0609375
1 0.5 0.75234375 0.096875 0.059375
1 0.1359375 0.52734375 0.0796875 0.0671875
1 0.26796875 0.52890625 0.096875 0.071875
1 0.4203125 0.50234375 0.096875 0.0671875
1 0.928125 0.61328125 0.1125 0.0765625
1 0.7453125 0.465625 0.096875 0.0765625
1 0.8171875 0.40859375 0.1125 0.08125
1 0.475 0.340625 0.090625 0.059375
1 0.25234375 0.33125 0.09375 0.0671875
1 0.24296875 0.23828125 0.103125 0.0640625
1 0.06171875 0.16796875 0.075 0.0484375
1 0.315625 0.0734375 0.0875 0.071875
1 0.6125 0.03046875 0.090625 0.0609375