1 0.91328125 0.97421875 0.0921875 0.0515625
1 0.821875 0.903125 0.1375 0.0796875
0 0.7390625 0.85234375 0.121875 0.0625
2 0.44765625 0.90546875 0.096875 0.05625
1 0.48125 0.73671875 0.1140625 0.0578125
1 0.20234375 0.72109375 0.096875 0.0640625
1 0.29375 0.90390625 0.109375 0.053125
1 0.24609375 0.9625 0.0890625 0.0390625
1 0.90390625 0.4671875 0.1328125 0.08125
1 0.80625 0.50390625 0.1015625 0.071875
1 0.41171875 0.49609375 0.109375 0.0671875
1 0.21796875 0.49921875 0.0984375 0.06875
1 0.0640625 0.48359375 0.078125 0.0625
1 0.23046875 0.3203125 0.1140625 0.0625
1 0.49453125 0.359375 0.1046875 0.0609375
1 0.23515625 0.23359375 0.11875 0.0671875
1 0.1609375 0.1546875 0.090625 0.0640625
1 0.34453125 0.09453125 0.10625 0.0734375
1 0.70859375 0.08046875 0.10625 0.071875