2 0.3984375 0.01015625 0.0625 0.0203125
1 0.3765625 0.053125 0.0796875 0.0578125
1 0.38828125 0.13515625 0.0484375 0.028125
1 0.3125 0.20625 0.0671875 0.053125
2 0.47890625 0.3140625 0.05 0.0359375
1 0.45625 0.33671875 0.0546875 0.0453125
0 0.4328125 0.375 0.04375 0.0375
2 0.3734375 0.3328125 0.059375 0.0453125
1 0.35078125 0.278125 0.05625 0.0484375
1 0.3515625 0.37421875 0.0671875 0.05
1 0.39140625 0.42578125 0.06875 0.0484375
1 0.4 0.52421875 0.0515625 0.0390625
1 0.30703125 0.45390625 0.0703125 0.0546875
1 0.2296875 0.46015625 0.0828125 0.059375
1 0.3984375 0.57578125 0.0671875 0.05
2 0.0375 0.459375 0.075 0.0625
1 0.50078125 0.56875 0.04375 0.0359375
1 0.5484375 0.5234375 0.0453125 0.03125
1 0.4828125 0.6140625 0.0453125 0.034375
1 0.53046875 0.7421875 0.0421875 0.0328125
1 0.50546875 0.79609375 0.0328125 0.0234375
1 0.40234375 0.89296875 0.0390625 0.0328125