1 0.39453125 0.87734375 0.203125 0.121875
1 0.2671875 0.6765625 0.1546875 0.121875
1 0.13125 0.83515625 0.09375 0.065625
1 0.0609375 0.56953125 0.0921875 0.0609375
1 0.32265625 0.49609375 0.10625 0.075
1 0.2734375 0.41953125 0.09375 0.0578125
1 0.3109375 0.3265625 0.1015625 0.05625
1 0.47421875 0.41875 0.1265625 0.0859375
1 0.690625 0.43984375 0.1390625 0.0890625
1 0.496875 0.22734375 0.1140625 0.0890625
1 0.08984375 0.29609375 0.0765625 0.0453125
1 0.2171875 0.09609375 0.0515625 0.046875
1 0.325 0.0171875 0.15 0.034375
1 0.11015625 0.43671875 0.065625 0.034375