2 0.63203125 0.078125 0.15625 0.125
2 0.959375 0.1984375 0.08125 0.090625
1 0.96875 0.26328125 0.0625 0.0765625
1 0.9703125 0.4328125 0.059375 0.078125
2 0.940625 0.3359375 0.11875 0.096875
2 0.77265625 0.32734375 0.084375 0.0625
2 0.596875 0.23046875 0.1453125 0.1140625
2 0.45546875 0.13203125 0.1328125 0.1328125
1 0.21328125 0.1234375 0.2484375 0.1828125
2 0.38515625 0.321875 0.1921875 0.178125
2 0.66484375 0.36171875 0.14375 0.1203125
2 0.89296875 0.44375 0.090625 0.0890625
2 0.85390625 0.53046875 0.1046875 0.0875
1 0.875 0.5984375 0.1125 0.09375
1 0.65 0.52734375 0.146875 0.1203125
2 0.7140625 0.628125 0.1125 0.0859375
2 0.84296875 0.72578125 0.13125 0.1046875
2 0.81875 0.82734375 0.0921875 0.084375
2 0.66328125 0.79609375 0.103125 0.084375
1 0.52578125 0.69296875 0.1734375 0.1359375
2 0.3078125 0.58671875 0.146875 0.121875
1 0.15078125 0.66796875 0.1625 0.1328125
1 0.41875 0.8171875 0.15625 0.1234375
2 0.74921875 0.94453125 0.10625 0.08125
1 0.56875 0.9546875 0.1125 0.090625