1 0.47265625 0.97734375 0.0796875 0.0453125
1 0.4375 0.9109375 0.0734375 0.0484375
1 0.440625 0.80703125 0.0734375 0.05
1 0.4171875 0.7109375 0.0640625 0.04375
1 0.43984375 0.65 0.0828125 0.0484375
1 0.46328125 0.515625 0.0765625 0.0484375
1 0.425 0.49375 0.0875 0.03125
1 0.440625 0.38515625 0.05 0.0265625
1 0.334375 0.30234375 0.0953125 0.05625
1 0.365625 0.125 0.0921875 0.0625
1 0.39375 0.00703125 0.071875 0.0140625
1 0.3875 0.06953125 0.0796875 0.05
2 0.4484375 0.3609375 0.0734375 0.0375
2 0.4875 0.59609375 0.0765625 0.0453125
2 0.459375 0.73984375 0.0828125 0.05