1 0.43359375 0.04296875 0.1265625 0.0859375
1 0.596875 0.08984375 0.0609375 0.04375
1 0.62890625 0.12734375 0.0453125 0.0296875
1 0.6703125 0.17890625 0.03125 0.0265625
1 0.66640625 0.02890625 0.028125 0.0234375
1 0.5890625 0.2 0.0453125 0.0390625
1 0.65546875 0.24140625 0.0421875 0.0296875
1 0.484375 0.284375 0.16875 0.1234375
1 0.65859375 0.29765625 0.028125 0.0265625
1 0.640625 0.38359375 0.021875 0.01875
1 0.61640625 0.4046875 0.0359375 0.0296875
1 0.5515625 0.44375 0.0609375 0.0453125
1 0.55546875 0.54453125 0.090625 0.0671875
1 0.60078125 0.51171875 0.0484375 0.025
1 0.62265625 0.45 0.025 0.01875
1 0.64453125 0.59140625 0.03125 0.0296875
1 0.596875 0.70546875 0.028125 0.0265625
1 0.6453125 0.70625 0.025 0.01875
1 0.5484375 0.7484375 0.0359375 0.0265625
1 0.628125 0.73359375 0.0171875 0.01875
1 0.58828125 0.7796875 0.03125 0.021875
1 0.5390625 0.82578125 0.065625 0.05
1 0.58125 0.89453125 0.0359375 0.0265625
1 0.51484375 0.98671875 0.0671875 0.0265625
1 0.590625 0.965625 0.0359375 0.03125
2 0.6484375 0.55 0.021875 0.0171875