1 0.4234375 0.8015625 0.1515625 0.0875
2 0.603125 0.61796875 0.3015625 0.1609375
1 0.31015625 0.89765625 0.1234375 0.06875
0 0.15234375 0.81171875 0.1046875 0.0515625
2 0.30859375 0.7671875 0.090625 0.0609375
1 0.24140625 0.7015625 0.0828125 0.0578125
1 0.2265625 0.63359375 0.0890625 0.065625
1 0.278125 0.559375 0.0828125 0.0546875
1 0.35234375 0.51875 0.109375 0.065625
1 0.36875 0.44453125 0.0890625 0.0734375
2 0.16640625 0.5140625 0.0734375 0.0390625
1 0.0875 0.5921875 0.0421875 0.025
1 0.078125 0.50546875 0.0453125 0.028125
1 0.46640625 0.3234375 0.1609375 0.103125
1 0.1765625 0.84921875 0.0875 0.04375
1 0.16328125 0.7125 0.06875 0.05
1 0.06171875 0.39453125 0.0328125 0.0171875
1 0.9109375 0.23203125 0.178125 0.0796875
1 0.5609375 0.1640625 0.178125 0.1
1 0.30859375 0.1625 0.10625 0.0734375
1 0.44453125 0.17890625 0.096875 0.04375
1 0.22578125 0.20390625 0.1046875 0.0484375
1 0.196875 0.109375 0.0671875 0.0375