1 0.03828125 0.28359375 0.0359375 0.0859375
1 0.11875 0.2625 0.05 0.090625
1 0.25390625 0.609375 0.0359375 0.0640625
1 0.30625 0.42890625 0.040625 0.08125
1 0.35234375 0.3546875 0.0359375 0.0640625
1 0.41953125 0.40390625 0.04375 0.0671875
1 0.4671875 0.403125 0.034375 0.0546875
1 0.57265625 0.378125 0.034375 0.0671875
1 0.6390625 0.39375 0.0359375 0.0671875
1 0.72578125 0.33671875 0.0359375 0.0640625
2 0.225 0.3265625 0.040625 0.0765625
2 0.31640625 0.34296875 0.0296875 0.0515625
2 0.53359375 0.3875 0.0328125 0.0734375
2 0.396875 0.3625 0.0359375 0.0671875