2 0.11484375 0.07890625 0.0421875 0.0671875
2 0.18125 0.2078125 0.0484375 0.06875
2 0.16875 0.3671875 0.0546875 0.0796875
1 0.134375 0.5421875 0.0515625 0.0734375
2 0.47734375 0.14921875 0.04375 0.0671875
1 0.43046875 0.3015625 0.0515625 0.06875
1 0.4703125 0.4 0.0484375 0.06875
1 0.4421875 0.57421875 0.0546875 0.0796875
1 0.74765625 0.065625 0.046875 0.0640625
1 0.82578125 0.16875 0.0515625 0.0640625
2 0.81015625 0.29375 0.04375 0.053125
2 0.70390625 0.42890625 0.046875 0.071875
1 0.78984375 0.62890625 0.05 0.0421875