1 0.640625 0.31953125 0.196875 0.1359375
1 0.5296875 0.19453125 0.20625 0.15
1 0.4140625 0.065625 0.1078125 0.06875
1 0.228125 0.19609375 0.0921875 0.075
1 0.18359375 0.096875 0.071875 0.0390625
1 0.3453125 0.32734375 0.11875 0.0890625
1 0.18515625 0.39765625 0.078125 0.0515625
1 0.44296875 0.44375 0.115625 0.08125
1 0.465625 0.63671875 0.125 0.08125
1 0.3609375 0.5046875 0.0828125 0.065625
1 0.43984375 0.75625 0.0796875 0.065625
1 0.5578125 0.8796875 0.121875 0.08125
1 0.41796875 0.95859375 0.0828125 0.0609375
1 0.24453125 0.784375 0.0765625 0.0640625
1 0.18203125 0.671875 0.0796875 0.059375
1 0.21875 0.54765625 0.0578125 0.034375
1 0.2515625 0.490625 0.065625 0.0375
1 0.20390625 0.8859375 0.0796875 0.0640625