2 0.225 0.90625 0.11875 0.08125
2 0.07734375 0.71875 0.06875 0.0390625
2 0.0765625 0.5671875 0.0765625 0.04375
1 0.1125 0.5203125 0.1171875 0.06875
2 0.2125 0.65859375 0.1015625 0.071875
1 0.3703125 0.65859375 0.15625 0.0984375
2 0.40703125 0.8171875 0.0796875 0.071875
0 0.84765625 0.83359375 0.128125 0.0828125
0 0.503125 0.69375 0.159375 0.0953125
0 0.43984375 0.53359375 0.209375 0.1359375
2 0.203125 0.4140625 0.084375 0.053125
1 0.23203125 0.365625 0.1328125 0.0828125
1 0.215625 0.17421875 0.184375 0.11875
1 0.6609375 0.2609375 0.2359375 0.146875