1 0.34296875 0.92890625 0.10625 0.0578125
1 0.396875 0.84296875 0.0921875 0.0515625
1 0.36015625 0.66015625 0.1140625 0.0625
1 0.33125 0.6078125 0.0828125 0.046875
1 0.56328125 0.54375 0.1 0.059375
1 0.309375 0.48828125 0.08125 0.0359375
1 0.31796875 0.45234375 0.096875 0.0515625
1 0.3484375 0.39921875 0.0828125 0.046875
1 0.38125 0.359375 0.0921875 0.0484375
1 0.3984375 0.2953125 0.109375 0.065625
1 0.28203125 0.25 0.0765625 0.0390625
2 0.27890625 0.20859375 0.06875 0.0421875
1 0.25390625 0.13515625 0.0921875 0.0484375
1 0.27265625 0.07734375 0.1 0.05625
1 0.29296875 0.7171875 0.0765625 0.0390625
1 0.32421875 0.5375 0.0671875 0.0390625
1 0.28828125 0.6484375 0.06875 0.0421875
1 0.27421875 0.17734375 0.0546875 0.028125