1 0.72734375 0.35625 0.1390625 0.0921875
1 0.6125 0.51953125 0.11875 0.0765625
1 0.10078125 0.359375 0.2015625 0.16875
1 0.08125 0.61015625 0.146875 0.1421875
1 0.8546875 0.78203125 0.1140625 0.075
1 0.8671875 0.5828125 0.1125 0.0828125
1 0.87578125 0.6625 0.1375 0.0828125
1 0.74765625 0.46875 0.1375 0.0875
1 0.95078125 0.4484375 0.078125 0.0375
1 0.890625 0.3375 0.090625 0.059375
1 0.921875 0.1921875 0.0671875 0.040625
1 0.84765625 0.09140625 0.08125 0.0578125
1 0.79453125 0.0109375 0.0734375 0.021875
1 0.8890625 0.13125 0.0671875 0.040625
1 0.9796875 0.70234375 0.040625 0.0515625
2 0.8265625 0.1671875 0.084375 0.05