2 0.89453125 0.10390625 0.065625 0.0484375
2 0.91015625 0.15546875 0.0796875 0.0625
2 0.90390625 0.21796875 0.059375 0.0453125
2 0.846875 0.20859375 0.0765625 0.0390625
2 0.71328125 0.10078125 0.065625 0.046875
1 0.5875 0.10078125 0.1078125 0.0796875
0 0.4671875 0.1265625 0.1140625 0.0828125
2 0.1140625 0.1796875 0.1078125 0.103125
2 0.9828125 0.3984375 0.034375 0.040625
2 0.878125 0.38359375 0.078125 0.05625
2 0.825 0.42265625 0.0796875 0.05
2 0.80390625 0.4515625 0.078125 0.046875
2 0.67734375 0.29765625 0.0734375 0.05625
1 0.50703125 0.328125 0.1 0.0671875
1 0.4921875 0.409375 0.0953125 0.0625
2 0.7875 0.56796875 0.0625 0.0453125
2 0.7765625 0.6015625 0.0640625 0.0421875
1 0.71328125 0.64140625 0.1015625 0.0515625
2 0.81875 0.7578125 0.0984375 0.065625
2 0.76953125 0.8296875 0.06875 0.05
1 0.7421875 0.95546875 0.1015625 0.0734375
1 0.59453125 0.90546875 0.121875 0.075
2 0.98203125 0.4 0.0359375 0.04375