1 0.3390625 0.9765625 0.103125 0.046875
1 0.31015625 0.92734375 0.1046875 0.0734375
1 0.18671875 0.77734375 0.0984375 0.059375
1 0.384375 0.784375 0.1109375 0.0609375
1 0.33046875 0.7140625 0.10625 0.065625
1 0.328125 0.6328125 0.1125 0.0734375
1 0.24296875 0.5953125 0.1 0.071875
1 0.28359375 0.5234375 0.1078125 0.0734375
1 0.24140625 0.46953125 0.1125 0.075
1 0.25 0.3453125 0.09375 0.0625
1 0.24921875 0.290625 0.109375 0.0578125
1 0.19921875 0.20625 0.121875 0.0828125
1 0.17109375 0.1046875 0.1125 0.075
1 0.22578125 0.70390625 0.0953125 0.065625
1 0.30546875 0.03671875 0.0828125 0.0359375