2 0.06328125 0.2765625 0.09375 0.125
2 0.23125 0.10703125 0.0453125 0.0703125
2 0.38125 0.0875 0.0515625 0.078125
1 0.43203125 0.11796875 0.0796875 0.1203125
2 0.30703125 0.23359375 0.08125 0.10625
1 0.3265625 0.390625 0.1140625 0.1625
2 0.1734375 0.446875 0.0796875 0.0859375
0 0.2109375 0.8859375 0.0953125 0.134375
0 0.3078125 0.5265625 0.1109375 0.1640625
0 0.459375 0.44453125 0.15625 0.2171875
2 0.54921875 0.19453125 0.0609375 0.0875
1 0.60078125 0.2171875 0.0953125 0.1375
1 0.7890625 0.178125 0.1375 0.1921875
1 0.75703125 0.63125 0.1703125 0.2453125