1 0.44453125 0.90078125 0.034375 0.025
1 0.5328125 0.96796875 0.071875 0.0484375
1 0.609375 0.89140625 0.0703125 0.040625
1 0.49140625 0.8 0.1046875 0.06875
1 0.41796875 0.78984375 0.05625 0.03125
1 0.384375 0.76640625 0.04375 0.0265625
1 0.38828125 0.69921875 0.028125 0.0171875
1 0.428125 0.7171875 0.0390625 0.0234375
1 0.503125 0.68203125 0.0765625 0.046875
1 0.4625 0.65625 0.05625 0.0296875
1 0.46796875 0.60859375 0.1046875 0.0734375
1 0.6328125 0.525 0.14375 0.0875
0 0.39140625 0.5765625 0.0234375 0.015625
1 0.45234375 0.41171875 0.06875 0.0359375
1 0.38125 0.3765625 0.046875 0.028125
1 0.46484375 0.315625 0.0765625 0.046875
1 0.584375 0.13203125 0.3296875 0.209375
1 0.66015625 0.0328125 0.1359375 0.065625