1 0.78828125 0.1453125 0.1125 0.075
1 0.709375 0.209375 0.0984375 0.0671875
1 0.684375 0.39375 0.121875 0.08125
1 0.69453125 0.45234375 0.0875 0.0609375
1 0.4546875 0.4375 0.1078125 0.0765625
1 0.67578125 0.5734375 0.084375 0.05
1 0.65625 0.60390625 0.1015625 0.06875
1 0.6109375 0.64453125 0.0875 0.0609375
1 0.56640625 0.671875 0.096875 0.0640625
1 0.52890625 0.7265625 0.1171875 0.0828125
1 0.625 0.8078125 0.08125 0.053125
2 0.6140625 0.84765625 0.0734375 0.053125
1 0.6140625 0.925 0.096875 0.0640625
1 0.5765625 0.96796875 0.10625 0.0640625
1 0.76640625 0.36171875 0.08125 0.053125
1 0.67890625 0.521875 0.071875 0.05
1 0.74921875 0.428125 0.0734375 0.053125
1 0.6078125 0.878125 0.0578125 0.0375