2 0.0640625 0.42734375 0.1078125 0.1484375
2 0.13515625 0.071875 0.078125 0.1046875
1 0.1984375 0.04921875 0.065625 0.0984375
1 0.36484375 0.034375 0.0671875 0.06875
2 0.2765625 0.08359375 0.0828125 0.1171875
2 0.290625 0.25390625 0.0546875 0.0796875
2 0.21953125 0.44140625 0.1 0.1375
2 0.1421875 0.5953125 0.1203125 0.121875
1 0.16640625 0.8359375 0.15625 0.2359375
2 0.33984375 0.63828125 0.159375 0.1765625
2 0.33984375 0.35625 0.10625 0.134375
2 0.3890625 0.11875 0.08125 0.0828125
2 0.48046875 0.1453125 0.0765625 0.0984375
1 0.5453125 0.11484375 0.0828125 0.1046875
1 0.50625 0.34765625 0.10625 0.1375
2 0.59765625 0.2703125 0.075 0.10625
2 0.67578125 0.12890625 0.0921875 0.125
2 0.7796875 0.13828125 0.0765625 0.0859375
2 0.7703125 0.296875 0.0734375 0.096875
1 0.6875 0.44765625 0.1171875 0.1640625
2 0.6125 0.678125 0.1078125 0.1390625
1 0.71484375 0.82265625 0.1171875 0.153125
1 0.825 0.5359375 0.10625 0.146875
2 0.90546875 0.19140625 0.0703125 0.1
1 0.94296875 0.36796875 0.0828125 0.1046875