0 0.590625 0.86796875 0.2359375 0.1671875
1 0.69375 0.5390625 0.221875 0.1625
1 0.7828125 0.41875 0.1703125 0.096875
1 0.78828125 0.28515625 0.2234375 0.15625
1 0.70390625 0.14765625 0.16875 0.115625
1 0.4375 0.35390625 0.128125 0.084375
1 0.3875 0.29453125 0.11875 0.0859375
1 0.3765625 0.5109375 0.0921875 0.059375
1 0.3171875 0.4671875 0.09375 0.0703125
1 0.20390625 0.44921875 0.0671875 0.046875
1 0.1703125 0.36875 0.0640625 0.046875
1 0.20078125 0.51328125 0.0640625 0.046875
1 0.1453125 0.47578125 0.05 0.0359375
1 0.1234375 0.41015625 0.05 0.040625
1 0.0984375 0.32109375 0.0421875 0.0390625
1 0.07109375 0.14765625 0.0328125 0.0296875