1 0.78359375 0.88828125 0.096875 0.0671875
0 0.6375 0.95859375 0.0875 0.05625
1 0.78046875 0.684375 0.078125 0.05625
1 0.6765625 0.73671875 0.0640625 0.0421875
1 0.84453125 0.1359375 0.0796875 0.0515625
0 0.771875 0.1515625 0.1 0.0671875
0 0.803125 0.51953125 0.1078125 0.078125
2 0.7484375 0.22734375 0.096875 0.0671875
2 0.8640625 0.0671875 0.0671875 0.05
2 0.77109375 0.39921875 0.078125 0.0546875
2 0.765625 0.640625 0.0640625 0.0421875
2 0.8109375 0.77265625 0.0734375 0.0578125
2 0.803125 0.27734375 0.0671875 0.0421875