1 0.53046875 0.03046875 0.1046875 0.0609375
1 0.66171875 0.18984375 0.0921875 0.078125
1 0.8640625 0.17578125 0.103125 0.084375
2 0.41484375 0.0671875 0.096875 0.0703125
1 0.0390625 0.134375 0.078125 0.075
1 0.12265625 0.18203125 0.1296875 0.0984375
0 0.203125 0.209375 0.1203125 0.08125
1 0.44765625 0.253125 0.1046875 0.0765625
1 0.85 0.39765625 0.090625 0.0796875
1 0.72109375 0.4234375 0.1078125 0.0890625
1 0.57734375 0.48125 0.10625 0.084375
1 0.059375 0.478125 0.11875 0.096875
1 0.2671875 0.584375 0.109375 0.09375
1 0.20859375 0.65546875 0.125 0.1
1 0.55703125 0.65078125 0.0984375 0.075
1 0.77734375 0.61328125 0.103125 0.084375
1 0.80625 0.703125 0.1125 0.084375
1 0.978125 0.7328125 0.04375 0.0625
1 0.76875 0.87890625 0.0984375 0.0875
1 0.4875 0.971875 0.1 0.05625