1 0.2625 0.9765625 0.08125 0.046875
1 0.296875 0.925 0.0546875 0.0359375
1 0.2390625 0.77421875 0.0625 0.0375
1 0.2375 0.709375 0.090625 0.0546875
1 0.24609375 0.66953125 0.0515625 0.03125
1 0.28125 0.61796875 0.0546875 0.040625
1 0.27578125 0.5453125 0.0515625 0.040625
1 0.31015625 0.44375 0.075 0.05625
1 0.21015625 0.4 0.0671875 0.0484375
1 0.225 0.3 0.0546875 0.0359375
1 0.21953125 0.2625 0.0703125 0.0453125
1 0.30859375 0.18046875 0.071875 0.05
1 0.2453125 0.10859375 0.0796875 0.046875
1 0.2640625 0.58984375 0.0375 0.021875