2 0.18203125 0.21484375 0.096875 0.146875
2 0.2140625 0.35 0.0859375 0.1171875
2 0.1765625 0.5203125 0.0984375 0.15
2 0.31015625 0.2171875 0.090625 0.1453125
2 0.32890625 0.50625 0.1125 0.1765625
1 0.428125 0.56328125 0.1359375 0.2109375
2 0.5859375 0.3203125 0.0859375 0.14375
2 0.56328125 0.68515625 0.11875 0.171875
2 0.61796875 0.52421875 0.096875 0.146875
1 0.8375 0.72890625 0.121875 0.2
2 0.9703125 0.4703125 0.059375 0.128125
2 0.7703125 0.209375 0.078125 0.1140625
2 0.93984375 0.303125 0.0609375 0.0890625
2 0.5375 0.27890625 0.0765625 0.10625