1 0.62890625 0.875 0.1890625 0.140625
1 0.86171875 0.73671875 0.2171875 0.15625
1 0.5046875 0.6875 0.1140625 0.0828125
1 0.521875 0.7625 0.075 0.0609375
1 0.38125 0.7203125 0.08125 0.059375
1 0.39296875 0.603125 0.1 0.0609375
1 0.36640625 0.64609375 0.053125 0.0375
1 0.50234375 0.52265625 0.1296875 0.090625
1 0.3703125 0.4 0.128125 0.0875
1 0.30078125 0.25859375 0.1015625 0.065625
1 0.55078125 0.22578125 0.1515625 0.1140625
1 0.815625 0.08515625 0.225 0.1703125
1 0.3109375 0.1375 0.078125 0.053125
1 0.37578125 0.06328125 0.075 0.0578125
1 0.62578125 0.03515625 0.2234375 0.0703125
1 0.38671875 0.33125 0.078125 0.0546875
1 0.27578125 0.07890625 0.0515625 0.0453125