1 0.63125 0.68671875 0.15625 0.2078125
1 0.78359375 0.61796875 0.1703125 0.21875
1 0.93984375 0.54453125 0.0796875 0.1125
1 0.8703125 0.32890625 0.0828125 0.0984375
1 0.97734375 0.31484375 0.0453125 0.0734375
1 0.71015625 0.40234375 0.1015625 0.1265625
1 0.68984375 0.22890625 0.059375 0.0828125
1 0.5703125 0.4625 0.09375 0.121875
1 0.37890625 0.42734375 0.0953125 0.13125
1 0.53671875 0.365625 0.075 0.0890625
1 0.27265625 0.36796875 0.0734375 0.0859375
1 0.11953125 0.44375 0.09375 0.128125
1 0.08515625 0.2875 0.0703125 0.0875
1 0.303125 0.17265625 0.071875 0.0828125
1 0.428125 0.1453125 0.0671875 0.084375
1 0.53671875 0.2171875 0.040625 0.059375
1 0.58203125 0.26484375 0.0453125 0.0671875
1 0.21796875 0.10390625 0.071875 0.0859375