1 0.8140625 0.85546875 0.34375 0.2234375
1 0.65234375 0.715625 0.20625 0.134375
2 0.4125 0.71875 0.115625 0.0828125
1 0.5265625 0.58671875 0.159375 0.109375
2 0.3578125 0.55078125 0.1234375 0.0546875
1 0.41328125 0.46875 0.228125 0.14375
1 0.39453125 0.37421875 0.19375 0.1140625
2 0.1109375 0.39296875 0.090625 0.059375
1 0.1515625 0.1921875 0.08125 0.059375
1 0.11171875 0.14453125 0.109375 0.071875
1 0.2734375 0.296875 0.090625 0.0609375
1 0.36796875 0.2375 0.1515625 0.0953125
1 0.35703125 0.059375 0.146875 0.090625
1 0.85703125 0.18046875 0.1890625 0.1609375
1 0.115625 0.62734375 0.0625 0.0421875
2 0.121875 0.46953125 0.0765625 0.0421875
2 0.015625 0.30625 0.03125 0.040625