0 0.1265625 0.56484375 0.153125 0.228125
1 0.44765625 0.690625 0.15 0.2140625
1 0.5609375 0.78828125 0.0859375 0.1671875
1 0.69453125 0.80234375 0.1421875 0.215625
1 0.8375 0.72734375 0.1046875 0.1640625
1 0.65 0.44765625 0.0765625 0.1234375
1 0.7125 0.40234375 0.0796875 0.115625
1 0.49765625 0.3765625 0.0546875 0.0890625
1 0.5453125 0.31953125 0.065625 0.090625
1 0.57109375 0.20859375 0.0421875 0.065625
1 0.65390625 0.1796875 0.0421875 0.0625
1 0.5078125 0.20078125 0.0421875 0.0625
1 0.54921875 0.1484375 0.0328125 0.0484375
1 0.615625 0.13046875 0.0375 0.0484375
1 0.70703125 0.11171875 0.0375 0.040625
1 0.88125 0.096875 0.028125 0.03125