1 0.1015625 0.51640625 0.0890625 0.1
1 0.2390625 0.496875 0.078125 0.1046875
1 0.30703125 0.78359375 0.09375 0.1140625
1 0.3078125 0.490625 0.0625 0.08125
1 0.38125 0.38359375 0.0578125 0.075
0 0.30703125 0.3125 0.046875 0.0625
1 0.18515625 0.3578125 0.05 0.0734375
1 0.19296875 0.278125 0.0328125 0.05
1 0.2609375 0.253125 0.0296875 0.0421875
1 0.478125 0.465625 0.0859375 0.103125
1 0.5546875 0.4015625 0.05625 0.0796875
1 0.7671875 0.528125 0.10625 0.1265625
1 0.9109375 0.6328125 0.0578125 0.0921875
1 0.6546875 0.38984375 0.0375 0.0703125
1 0.61484375 0.2796875 0.0484375 0.065625
1 0.5296875 0.22734375 0.0390625 0.0515625
1 0.37578125 0.21796875 0.0328125 0.0515625
1 0.14375 0.24296875 0.034375 0.0625
1 0.13828125 0.184375 0.03125 0.0484375
1 0.221875 0.16953125 0.0421875 0.059375
1 0.303125 0.15390625 0.028125 0.0375