1 0.49140625 0.0984375 0.1921875 0.1125
1 0.8109375 0.11953125 0.1546875 0.0921875
1 0.93203125 0.21484375 0.1359375 0.0859375
1 0.53984375 0.22734375 0.178125 0.096875
1 0.6546875 0.18828125 0.14375 0.0796875
1 0.4390625 0.31796875 0.2078125 0.096875
1 0.1171875 0.19375 0.1375 0.1171875
1 0.12265625 0.35234375 0.2109375 0.14375
1 0.653125 0.4484375 0.1859375 0.103125
1 0.7828125 0.39375 0.1546875 0.0890625
1 0.61015625 0.56796875 0.1546875 0.0859375
1 0.20625 0.5234375 0.171875 0.1109375
1 0.3921875 0.61015625 0.1890625 0.0953125
1 0.6515625 0.6359375 0.175 0.0953125
1 0.8359375 0.73046875 0.14375 0.0796875
2 0.89375 0.61328125 0.1046875 0.0640625
1 0.53046875 0.77734375 0.153125 0.084375
1 0.26484375 0.76796875 0.2171875 0.128125
1 0.28359375 0.8234375 0.1640625 0.0859375
1 0.453125 0.95625 0.19375 0.0875
1 0.7109375 0.96484375 0.159375 0.0703125
1 0.8515625 0.9921875 0.1 0.015625
1 0.56953125 0.86875 0.1515625 0.0921875
1 0.06875 0.890625 0.1375 0.0875