2 0.096875 0.1125 0.046875 0.065625
2 0.1484375 0.0953125 0.0609375 0.0796875
2 0.2109375 0.1015625 0.04375 0.059375
2 0.203125 0.1578125 0.0375 0.0765625
2 0.096875 0.29375 0.0453125 0.065625
1 0.09921875 0.41953125 0.078125 0.1078125
0 0.12734375 0.5390625 0.08125 0.1140625
2 0.18671875 0.89140625 0.103125 0.1078125
2 0.390625 0.0171875 0.040625 0.034375
2 0.3765625 0.12421875 0.0546875 0.078125
2 0.4171875 0.17578125 0.0484375 0.0796875
2 0.446875 0.196875 0.0453125 0.078125
2 0.29453125 0.32578125 0.05625 0.0734375
1 0.32734375 0.49609375 0.065625 0.0984375
1 0.409375 0.509375 0.0609375 0.0953125
2 0.5625 0.21171875 0.0453125 0.0625
2 0.59609375 0.221875 0.040625 0.0640625
1 0.6375 0.28359375 0.05 0.1015625
2 0.7515625 0.1765625 0.0640625 0.0984375
2 0.825 0.225 0.046875 0.06875
1 0.9515625 0.25 0.071875 0.1
1 0.90390625 0.3984375 0.0734375 0.1203125
2 0.39140625 0.01796875 0.0421875 0.0359375