1 0.4921875 0.95390625 0.1375 0.0921875
1 0.340625 0.88984375 0.0671875 0.0515625
1 0.3140625 0.84765625 0.0484375 0.0359375
1 0.28203125 0.790625 0.034375 0.03125
1 0.2625 0.9390625 0.03125 0.028125
1 0.36484375 0.78203125 0.05 0.0453125
1 0.30625 0.73125 0.0453125 0.0359375
1 0.48125 0.715625 0.1828125 0.146875
1 0.31171875 0.675 0.03125 0.0296875
1 0.34296875 0.59296875 0.0234375 0.0203125
1 0.3703125 0.5765625 0.0390625 0.034375
1 0.440625 0.546875 0.0671875 0.053125
1 0.45234375 0.44765625 0.0984375 0.0796875
1 0.40234375 0.47265625 0.05 0.03125
1 0.37109375 0.53046875 0.0265625 0.021875
1 0.37109375 0.3875 0.034375 0.034375
1 0.4359375 0.28203125 0.03125 0.0296875
1 0.38828125 0.2734375 0.0265625 0.021875
1 0.490625 0.246875 0.0390625 0.03125
1 0.41015625 0.24921875 0.01875 0.0203125
1 0.45625 0.209375 0.0328125 0.0265625
1 0.5125 0.171875 0.0703125 0.059375
1 0.48203125 0.09765625 0.0390625 0.03125
1 0.559375 0.01640625 0.06875 0.0328125
1 0.48359375 0.02578125 0.0390625 0.0359375
2 0.3609375 0.42734375 0.0234375 0.01875