1 0.59765625 0.2046875 0.15625 0.0984375
2 0.40546875 0.37578125 0.309375 0.1796875
1 0.7171875 0.11640625 0.1265625 0.075
0 0.86875 0.21328125 0.10625 0.059375
2 0.71015625 0.246875 0.09375 0.065625
1 0.771875 0.3171875 0.0859375 0.0640625
1 0.78203125 0.3859375 0.0921875 0.0703125
1 0.72578125 0.45625 0.0859375 0.0609375
1 0.6484375 0.49140625 0.1125 0.071875
1 0.62734375 0.56484375 0.0921875 0.078125
2 0.834375 0.509375 0.0765625 0.04375
1 0.91796875 0.43671875 0.04375 0.0265625
1 0.92109375 0.5234375 0.046875 0.03125
1 0.521875 0.678125 0.165625 0.1125
1 0.846875 0.17421875 0.0890625 0.0484375
1 0.85078125 0.31171875 0.071875 0.0546875
1 0.9296875 0.6359375 0.0328125 0.0203125
1 0.08046875 0.73671875 0.1609375 0.0921875
1 0.415625 0.83046875 0.1828125 0.1109375
1 0.66796875 0.85 0.109375 0.08125
1 0.5328125 0.82421875 0.0984375 0.05
1 0.753125 0.81484375 0.10625 0.05625
1 0.775 0.9109375 0.0703125 0.0421875